chr	end	WT.count	mut.count	subclonal.CN	mutation.copy.number	subclonal.fraction	no.chrs.bearing.mut	phase
1	1	51	47	2	0.959183673469388	0.959183673469388	1	unphased
1	2	47	47	2	1	1	1	unphased
1	3	50	54	2	1.03846153846154	1.03846153846154	1	unphased
1	4	43	53	2	1.10416666666667	1.10416666666667	1	unphased
1	5	48	46	2	0.978723404255319	0.978723404255319	1	unphased
1	6	64	56	2	0.933333333333333	0.933333333333333	1	unphased
1	7	74	44	2	0.745762711864407	0.745762711864407	1	unphased
1	8	36	55	2	1.20879120879121	1.20879120879121	1	unphased
1	9	45	48	2	1.03225806451613	1.03225806451613	1	unphased
1	10	64	42	2	0.792452830188679	0.792452830188679	1	unphased
1	11	46	43	2	0.966292134831461	0.966292134831461	1	unphased
1	12	49	56	2	1.06666666666667	1.06666666666667	1	unphased
1	13	59	59	2	1	1	1	unphased
1	14	71	41	2	0.732142857142857	0.732142857142857	1	unphased
1	15	46	53	2	1.07070707070707	1.07070707070707	1	unphased
1	16	39	51	2	1.13333333333333	1.13333333333333	1	unphased
1	17	43	47	2	1.04444444444444	1.04444444444444	1	unphased
1	18	39	44	2	1.06024096385542	1.06024096385542	1	unphased
1	19	51	54	2	1.02857142857143	1.02857142857143	1	unphased
1	20	49	50	2	1.01010101010101	1.01010101010101	1	unphased
1	21	40	54	2	1.14893617021277	1.14893617021277	1	unphased
1	22	42	46	2	1.04545454545455	1.04545454545455	1	unphased
1	23	49	47	2	0.979166666666667	0.979166666666667	1	unphased
1	24	68	47	2	0.817391304347826	0.817391304347826	1	unphased
1	25	32	51	2	1.2289156626506	1.2289156626506	1	unphased
1	26	49	52	2	1.02970297029703	1.02970297029703	1	unphased
1	27	55	43	2	0.877551020408163	0.877551020408163	1	unphased
1	28	43	45	2	1.02272727272727	1.02272727272727	1	unphased
1	29	71	38	2	0.697247706422018	0.697247706422018	1	unphased
1	30	48	52	2	1.04	1.04	1	unphased
1	31	25	52	2	1.35064935064935	1.35064935064935	1	unphased
1	32	44	49	2	1.05376344086022	1.05376344086022	1	unphased
1	33	58	48	2	0.905660377358491	0.905660377358491	1	unphased
1	34	38	51	2	1.14606741573034	1.14606741573034	1	unphased
1	35	53	48	2	0.95049504950495	0.95049504950495	1	unphased
1	36	53	54	2	1.00934579439252	1.00934579439252	1	unphased
1	37	73	43	2	0.741379310344828	0.741379310344828	1	unphased
1	38	43	58	2	1.14851485148515	1.14851485148515	1	unphased
1	39	45	54	2	1.09090909090909	1.09090909090909	1	unphased
1	40	53	60	2	1.06194690265487	1.06194690265487	1	unphased
1	41	52	51	2	0.990291262135922	0.990291262135922	1	unphased
1	42	69	52	2	0.859504132231405	0.859504132231405	1	unphased
1	43	29	52	2	1.28395061728395	1.28395061728395	1	unphased
1	44	56	48	2	0.923076923076923	0.923076923076923	1	unphased
1	45	42	56	2	1.14285714285714	1.14285714285714	1	unphased
1	46	44	45	2	1.01123595505618	1.01123595505618	1	unphased
1	47	64	50	2	0.87719298245614	0.87719298245614	1	unphased
1	48	42	53	2	1.11578947368421	1.11578947368421	1	unphased
1	49	55	51	2	0.962264150943396	0.962264150943396	1	unphased
1	50	60	49	2	0.89908256880734	0.89908256880734	1	unphased
1	51	43	45	2	1.02272727272727	1.02272727272727	1	unphased
1	52	54	52	2	0.981132075471698	0.981132075471698	1	unphased
1	53	33	47	2	1.175	1.175	1	unphased
1	54	37	53	2	1.17777777777778	1.17777777777778	1	unphased
1	55	48	49	2	1.01030927835052	1.01030927835052	1	unphased
1	56	51	48	2	0.96969696969697	0.96969696969697	1	unphased
1	57	69	43	2	0.767857142857143	0.767857142857143	1	unphased
1	58	70	50	2	0.833333333333333	0.833333333333333	1	unphased
1	59	40	55	2	1.15789473684211	1.15789473684211	1	unphased
1	60	72	46	2	0.779661016949153	0.779661016949153	1	unphased
1	61	51	47	2	0.959183673469388	0.959183673469388	1	unphased
1	62	32	47	2	1.18987341772152	1.18987341772152	1	unphased
1	63	59	49	2	0.907407407407407	0.907407407407407	1	unphased
1	64	54	45	2	0.909090909090909	0.909090909090909	1	unphased
1	65	48	47	2	0.989473684210526	0.989473684210526	1	unphased
1	66	61	51	2	0.910714285714286	0.910714285714286	1	unphased
1	67	49	47	2	0.979166666666667	0.979166666666667	1	unphased
1	68	53	43	2	0.895833333333333	0.895833333333333	1	unphased
1	69	48	51	2	1.03030303030303	1.03030303030303	1	unphased
1	70	48	50	2	1.02040816326531	1.02040816326531	1	unphased
1	71	43	50	2	1.0752688172043	1.0752688172043	1	unphased
1	72	70	44	2	0.771929824561403	0.771929824561403	1	unphased
1	73	43	52	2	1.09473684210526	1.09473684210526	1	unphased
1	74	45	52	2	1.07216494845361	1.07216494845361	1	unphased
1	75	26	55	2	1.35802469135802	1.35802469135802	1	unphased
1	76	36	44	2	1.1	1.1	1	unphased
1	77	70	54	2	0.870967741935484	0.870967741935484	1	unphased
1	78	35	51	2	1.18604651162791	1.18604651162791	1	unphased
1	79	38	55	2	1.18279569892473	1.18279569892473	1	unphased
1	80	40	47	2	1.08045977011494	1.08045977011494	1	unphased
1	81	59	46	2	0.876190476190476	0.876190476190476	1	unphased
1	82	42	47	2	1.0561797752809	1.0561797752809	1	unphased
1	83	27	52	2	1.31645569620253	1.31645569620253	1	unphased
1	84	37	56	2	1.20430107526882	1.20430107526882	1	unphased
1	85	60	57	2	0.974358974358974	0.974358974358974	1	unphased
1	86	39	50	2	1.12359550561798	1.12359550561798	1	unphased
1	87	54	52	2	0.981132075471698	0.981132075471698	1	unphased
1	88	43	54	2	1.11340206185567	1.11340206185567	1	unphased
1	89	55	46	2	0.910891089108911	0.910891089108911	1	unphased
1	90	70	51	2	0.84297520661157	0.84297520661157	1	unphased
1	91	64	47	2	0.846846846846847	0.846846846846847	1	unphased
1	92	51	56	2	1.04672897196262	1.04672897196262	1	unphased
1	93	54	47	2	0.930693069306931	0.930693069306931	1	unphased
1	94	60	51	2	0.918918918918919	0.918918918918919	1	unphased
1	95	53	44	2	0.907216494845361	0.907216494845361	1	unphased
1	96	35	59	2	1.25531914893617	1.25531914893617	1	unphased
1	97	43	52	2	1.09473684210526	1.09473684210526	1	unphased
1	98	51	62	2	1.09734513274336	1.09734513274336	1	unphased
1	99	41	50	2	1.0989010989011	1.0989010989011	1	unphased
1	100	42	54	2	1.125	1.125	1	unphased
1	101	103	0	2	0	0	1	unphased
1	102	99	0	2	0	0	1	unphased
1	103	103	0	2	0	0	1	unphased
1	104	109	0	2	0	0	1	unphased
1	105	86	0	2	0	0	1	unphased
1	106	102	0	2	0	0	1	unphased
1	107	107	0	2	0	0	1	unphased
1	108	107	0	2	0	0	1	unphased
1	109	97	0	2	0	0	1	unphased
1	110	101	0	2	0	0	1	unphased
1	111	107	0	2	0	0	1	unphased
1	112	102	0	2	0	0	1	unphased
1	113	115	0	2	0	0	1	unphased
1	114	96	0	2	0	0	1	unphased
1	115	97	0	2	0	0	1	unphased
1	116	77	0	2	0	0	1	unphased
1	117	124	0	2	0	0	1	unphased
1	118	117	0	2	0	0	1	unphased
1	119	107	0	2	0	0	1	unphased
1	120	102	0	2	0	0	1	unphased
1	121	105	0	2	0	0	1	unphased
1	122	101	0	2	0	0	1	unphased
1	123	91	0	2	0	0	1	unphased
1	124	99	0	2	0	0	1	unphased
1	125	127	0	2	0	0	1	unphased
1	126	115	0	2	0	0	1	unphased
1	127	115	0	2	0	0	1	unphased
1	128	109	0	2	0	0	1	unphased
1	129	99	0	2	0	0	1	unphased
1	130	95	0	2	0	0	1	unphased
1	131	110	0	2	0	0	1	unphased
1	132	120	0	2	0	0	1	unphased
1	133	100	0	2	0	0	1	unphased
1	134	107	0	2	0	0	1	unphased
1	135	95	0	2	0	0	1	unphased
1	136	97	0	2	0	0	1	unphased
1	137	91	0	2	0	0	1	unphased
1	138	79	0	2	0	0	1	unphased
1	139	86	0	2	0	0	1	unphased
1	140	98	0	2	0	0	1	unphased
1	141	112	0	2	0	0	1	unphased
1	142	106	0	2	0	0	1	unphased
1	143	98	0	2	0	0	1	unphased
1	144	87	0	2	0	0	1	unphased
1	145	108	0	2	0	0	1	unphased
1	146	118	0	2	0	0	1	unphased
1	147	81	0	2	0	0	1	unphased
1	148	101	0	2	0	0	1	unphased
1	149	109	0	2	0	0	1	unphased
1	150	98	0	2	0	0	1	unphased
1	151	104	0	2	0	0	1	unphased
1	152	92	0	2	0	0	1	unphased
1	153	84	0	2	0	0	1	unphased
1	154	108	0	2	0	0	1	unphased
1	155	96	0	2	0	0	1	unphased
1	156	96	0	2	0	0	1	unphased
1	157	99	0	2	0	0	1	unphased
1	158	99	0	2	0	0	1	unphased
1	159	116	0	2	0	0	1	unphased
1	160	99	0	2	0	0	1	unphased
1	161	100	0	2	0	0	1	unphased
1	162	112	0	2	0	0	1	unphased
1	163	94	0	2	0	0	1	unphased
1	164	93	0	2	0	0	1	unphased
1	165	98	0	2	0	0	1	unphased
1	166	100	0	2	0	0	1	unphased
1	167	103	0	2	0	0	1	unphased
1	168	110	0	2	0	0	1	unphased
1	169	99	0	2	0	0	1	unphased
1	170	105	0	2	0	0	1	unphased
1	171	95	0	2	0	0	1	unphased
1	172	109	0	2	0	0	1	unphased
1	173	106	0	2	0	0	1	unphased
1	174	101	0	2	0	0	1	unphased
1	175	94	0	2	0	0	1	unphased
1	176	102	0	2	0	0	1	unphased
1	177	106	0	2	0	0	1	unphased
1	178	94	0	2	0	0	1	unphased
1	179	110	0	2	0	0	1	unphased
1	180	97	0	2	0	0	1	unphased
1	181	109	0	2	0	0	1	unphased
1	182	96	0	2	0	0	1	unphased
1	183	99	0	2	0	0	1	unphased
1	184	93	0	2	0	0	1	unphased
1	185	118	0	2	0	0	1	unphased
1	186	92	0	2	0	0	1	unphased
1	187	105	0	2	0	0	1	unphased
1	188	102	0	2	0	0	1	unphased
1	189	99	0	2	0	0	1	unphased
1	190	114	0	2	0	0	1	unphased
1	191	92	0	2	0	0	1	unphased
1	192	85	0	2	0	0	1	unphased
1	193	98	0	2	0	0	1	unphased
1	194	102	0	2	0	0	1	unphased
1	195	108	0	2	0	0	1	unphased
1	196	92	0	2	0	0	1	unphased
1	197	98	0	2	0	0	1	unphased
1	198	94	0	2	0	0	1	unphased
1	199	113	0	2	0	0	1	unphased
1	200	94	0	2	0	0	1	unphased
1	201	44	53	2	1.09278350515464	1.09278350515464	1	unphased
1	202	58	46	2	0.884615384615385	0.884615384615385	1	unphased
1	203	48	52	2	1.04	1.04	1	unphased
1	204	43	48	2	1.05494505494505	1.05494505494505	1	unphased
1	205	59	42	2	0.831683168316832	0.831683168316832	1	unphased
1	206	57	51	2	0.944444444444444	0.944444444444444	1	unphased
1	207	43	55	2	1.12244897959184	1.12244897959184	1	unphased
1	208	38	47	2	1.10588235294118	1.10588235294118	1	unphased
1	209	47	48	2	1.01052631578947	1.01052631578947	1	unphased
1	210	50	43	2	0.924731182795699	0.924731182795699	1	unphased
1	211	41	51	2	1.10869565217391	1.10869565217391	1	unphased
1	212	57	51	2	0.944444444444444	0.944444444444444	1	unphased
1	213	74	51	2	0.816	0.816	1	unphased
1	214	34	52	2	1.2093023255814	1.2093023255814	1	unphased
1	215	41	53	2	1.12765957446809	1.12765957446809	1	unphased
1	216	59	46	2	0.876190476190476	0.876190476190476	1	unphased
1	217	53	54	2	1.00934579439252	1.00934579439252	1	unphased
1	218	66	42	2	0.777777777777778	0.777777777777778	1	unphased
1	219	50	53	2	1.02912621359223	1.02912621359223	1	unphased
1	220	48	48	2	1	1	1	unphased
1	221	56	57	2	1.00884955752212	1.00884955752212	1	unphased
1	222	50	58	2	1.07407407407407	1.07407407407407	1	unphased
1	223	50	48	2	0.979591836734694	0.979591836734694	1	unphased
1	224	56	51	2	0.953271028037383	0.953271028037383	1	unphased
1	225	55	50	2	0.952380952380952	0.952380952380952	1	unphased
1	226	64	50	2	0.87719298245614	0.87719298245614	1	unphased
1	227	55	49	2	0.942307692307692	0.942307692307692	1	unphased
1	228	56	52	2	0.962962962962963	0.962962962962963	1	unphased
1	229	40	49	2	1.10112359550562	1.10112359550562	1	unphased
1	230	35	46	2	1.1358024691358	1.1358024691358	1	unphased
1	231	42	47	2	1.0561797752809	1.0561797752809	1	unphased
1	232	51	48	2	0.96969696969697	0.96969696969697	1	unphased
1	233	61	45	2	0.849056603773585	0.849056603773585	1	unphased
1	234	49	56	2	1.06666666666667	1.06666666666667	1	unphased
1	235	37	43	2	1.075	1.075	1	unphased
1	236	55	54	2	0.990825688073395	0.990825688073395	1	unphased
1	237	43	45	2	1.02272727272727	1.02272727272727	1	unphased
1	238	61	48	2	0.880733944954128	0.880733944954128	1	unphased
1	239	46	51	2	1.05154639175258	1.05154639175258	1	unphased
1	240	60	47	2	0.878504672897196	0.878504672897196	1	unphased
1	241	39	58	2	1.19587628865979	1.19587628865979	1	unphased
1	242	65	45	2	0.818181818181818	0.818181818181818	1	unphased
1	243	63	51	2	0.894736842105263	0.894736842105263	1	unphased
1	244	41	62	2	1.20388349514563	1.20388349514563	1	unphased
1	245	58	47	2	0.895238095238095	0.895238095238095	1	unphased
1	246	45	55	2	1.1	1.1	1	unphased
1	247	62	55	2	0.94017094017094	0.94017094017094	1	unphased
1	248	36	56	2	1.21739130434783	1.21739130434783	1	unphased
1	249	49	47	2	0.979166666666667	0.979166666666667	1	unphased
1	250	43	54	2	1.11340206185567	1.11340206185567	1	unphased
1	251	43	52	2	1.09473684210526	1.09473684210526	1	unphased
1	252	35	54	2	1.21348314606742	1.21348314606742	1	unphased
1	253	48	54	2	1.05882352941176	1.05882352941176	1	unphased
1	254	47	60	2	1.1214953271028	1.1214953271028	1	unphased
1	255	36	48	2	1.14285714285714	1.14285714285714	1	unphased
1	256	52	45	2	0.927835051546392	0.927835051546392	1	unphased
1	257	60	51	2	0.918918918918919	0.918918918918919	1	unphased
1	258	53	45	2	0.918367346938776	0.918367346938776	1	unphased
1	259	47	51	2	1.04081632653061	1.04081632653061	1	unphased
1	260	39	54	2	1.16129032258065	1.16129032258065	1	unphased
1	261	73	52	2	0.832	0.832	1	unphased
1	262	49	60	2	1.10091743119266	1.10091743119266	1	unphased
1	263	76	42	2	0.711864406779661	0.711864406779661	1	unphased
1	264	53	52	2	0.99047619047619	0.99047619047619	1	unphased
1	265	52	44	2	0.916666666666667	0.916666666666667	1	unphased
1	266	11	64	2	1.70666666666667	1.70666666666667	1	unphased
1	267	46	50	2	1.04166666666667	1.04166666666667	1	unphased
1	268	60	47	2	0.878504672897196	0.878504672897196	1	unphased
1	269	51	52	2	1.00970873786408	1.00970873786408	1	unphased
1	270	52	43	2	0.905263157894737	0.905263157894737	1	unphased
1	271	57	52	2	0.954128440366973	0.954128440366973	1	unphased
1	272	27	49	2	1.28947368421053	1.28947368421053	1	unphased
1	273	37	51	2	1.15909090909091	1.15909090909091	1	unphased
1	274	51	46	2	0.948453608247423	0.948453608247423	1	unphased
1	275	58	46	2	0.884615384615385	0.884615384615385	1	unphased
1	276	47	53	2	1.06	1.06	1	unphased
1	277	62	40	2	0.784313725490196	0.784313725490196	1	unphased
1	278	71	48	2	0.80672268907563	0.80672268907563	1	unphased
1	279	59	56	2	0.973913043478261	0.973913043478261	1	unphased
1	280	68	48	2	0.827586206896552	0.827586206896552	1	unphased
1	281	56	36	2	0.782608695652174	0.782608695652174	1	unphased
1	282	52	50	2	0.980392156862745	0.980392156862745	1	unphased
1	283	41	45	2	1.04651162790698	1.04651162790698	1	unphased
1	284	56	55	2	0.990990990990991	0.990990990990991	1	unphased
1	285	59	47	2	0.886792452830189	0.886792452830189	1	unphased
1	286	39	53	2	1.15217391304348	1.15217391304348	1	unphased
1	287	60	53	2	0.938053097345133	0.938053097345133	1	unphased
1	288	51	53	2	1.01923076923077	1.01923076923077	1	unphased
1	289	77	49	2	0.777777777777778	0.777777777777778	1	unphased
1	290	44	56	2	1.12	1.12	1	unphased
1	291	61	53	2	0.929824561403509	0.929824561403509	1	unphased
1	292	60	53	2	0.938053097345133	0.938053097345133	1	unphased
1	293	53	46	2	0.929292929292929	0.929292929292929	1	unphased
1	294	45	48	2	1.03225806451613	1.03225806451613	1	unphased
1	295	54	54	2	1	1	1	unphased
1	296	53	39	2	0.847826086956522	0.847826086956522	1	unphased
1	297	52	46	2	0.938775510204082	0.938775510204082	1	unphased
1	298	42	56	2	1.14285714285714	1.14285714285714	1	unphased
1	299	50	49	2	0.98989898989899	0.98989898989899	1	unphased
1	300	42	54	2	1.125	1.125	1	unphased
1	301	107	0	2	0	0	1	unphased
1	302	73	0	2	0	0	1	unphased
1	303	107	0	2	0	0	1	unphased
1	304	92	0	2	0	0	1	unphased
1	305	103	0	2	0	0	1	unphased
1	306	101	0	2	0	0	1	unphased
1	307	102	0	2	0	0	1	unphased
1	308	97	0	2	0	0	1	unphased
1	309	97	0	2	0	0	1	unphased
1	310	101	0	2	0	0	1	unphased
1	311	102	0	2	0	0	1	unphased
1	312	98	0	2	0	0	1	unphased
1	313	95	0	2	0	0	1	unphased
1	314	103	0	2	0	0	1	unphased
1	315	89	0	2	0	0	1	unphased
1	316	97	0	2	0	0	1	unphased
1	317	93	0	2	0	0	1	unphased
1	318	93	0	2	0	0	1	unphased
1	319	99	0	2	0	0	1	unphased
1	320	104	0	2	0	0	1	unphased
1	321	91	0	2	0	0	1	unphased
1	322	102	0	2	0	0	1	unphased
1	323	108	0	2	0	0	1	unphased
1	324	98	0	2	0	0	1	unphased
1	325	82	0	2	0	0	1	unphased
1	326	103	0	2	0	0	1	unphased
1	327	97	0	2	0	0	1	unphased
1	328	90	0	2	0	0	1	unphased
1	329	109	0	2	0	0	1	unphased
1	330	106	0	2	0	0	1	unphased
1	331	110	0	2	0	0	1	unphased
1	332	95	0	2	0	0	1	unphased
1	333	102	0	2	0	0	1	unphased
1	334	100	0	2	0	0	1	unphased
1	335	96	0	2	0	0	1	unphased
1	336	106	0	2	0	0	1	unphased
1	337	92	0	2	0	0	1	unphased
1	338	91	0	2	0	0	1	unphased
1	339	104	0	2	0	0	1	unphased
1	340	104	0	2	0	0	1	unphased
1	341	85	0	2	0	0	1	unphased
1	342	87	0	2	0	0	1	unphased
1	343	109	0	2	0	0	1	unphased
1	344	103	0	2	0	0	1	unphased
1	345	105	0	2	0	0	1	unphased
1	346	115	0	2	0	0	1	unphased
1	347	94	0	2	0	0	1	unphased
1	348	101	0	2	0	0	1	unphased
1	349	108	0	2	0	0	1	unphased
1	350	106	0	2	0	0	1	unphased
1	351	100	0	2	0	0	1	unphased
1	352	93	0	2	0	0	1	unphased
1	353	98	0	2	0	0	1	unphased
1	354	88	0	2	0	0	1	unphased
1	355	103	0	2	0	0	1	unphased
1	356	107	0	2	0	0	1	unphased
1	357	127	0	2	0	0	1	unphased
1	358	93	0	2	0	0	1	unphased
1	359	90	0	2	0	0	1	unphased
1	360	98	0	2	0	0	1	unphased
1	361	113	0	2	0	0	1	unphased
1	362	98	0	2	0	0	1	unphased
1	363	99	0	2	0	0	1	unphased
1	364	98	0	2	0	0	1	unphased
1	365	86	0	2	0	0	1	unphased
1	366	91	0	2	0	0	1	unphased
1	367	103	0	2	0	0	1	unphased
1	368	100	0	2	0	0	1	unphased
1	369	100	0	2	0	0	1	unphased
1	370	108	0	2	0	0	1	unphased
1	371	109	0	2	0	0	1	unphased
1	372	93	0	2	0	0	1	unphased
1	373	99	0	2	0	0	1	unphased
1	374	90	0	2	0	0	1	unphased
1	375	93	0	2	0	0	1	unphased
1	376	100	0	2	0	0	1	unphased
1	377	94	0	2	0	0	1	unphased
1	378	105	0	2	0	0	1	unphased
1	379	103	0	2	0	0	1	unphased
1	380	85	0	2	0	0	1	unphased
1	381	90	0	2	0	0	1	unphased
1	382	101	0	2	0	0	1	unphased
1	383	104	0	2	0	0	1	unphased
1	384	108	0	2	0	0	1	unphased
1	385	89	0	2	0	0	1	unphased
1	386	93	0	2	0	0	1	unphased
1	387	88	0	2	0	0	1	unphased
1	388	98	0	2	0	0	1	unphased
1	389	98	0	2	0	0	1	unphased
1	390	98	0	2	0	0	1	unphased
1	391	105	0	2	0	0	1	unphased
1	392	100	0	2	0	0	1	unphased
1	393	84	0	2	0	0	1	unphased
1	394	83	0	2	0	0	1	unphased
1	395	87	0	2	0	0	1	unphased
1	396	92	0	2	0	0	1	unphased
1	397	101	0	2	0	0	1	unphased
1	398	93	0	2	0	0	1	unphased
1	399	96	0	2	0	0	1	unphased
1	400	115	0	2	0	0	1	unphased
1	401	96	0	2	0	0	1	unphased
1	402	94	0	2	0	0	1	unphased
1	403	95	0	2	0	0	1	unphased
1	404	95	0	2	0	0	1	unphased
1	405	100	0	2	0	0	1	unphased
1	406	113	0	2	0	0	1	unphased
1	407	97	0	2	0	0	1	unphased
1	408	108	0	2	0	0	1	unphased
1	409	108	0	2	0	0	1	unphased
1	410	109	0	2	0	0	1	unphased
1	411	106	0	2	0	0	1	unphased
1	412	101	0	2	0	0	1	unphased
1	413	87	0	2	0	0	1	unphased
1	414	86	0	2	0	0	1	unphased
1	415	112	0	2	0	0	1	unphased
1	416	100	0	2	0	0	1	unphased
1	417	114	0	2	0	0	1	unphased
1	418	97	0	2	0	0	1	unphased
1	419	103	0	2	0	0	1	unphased
1	420	83	0	2	0	0	1	unphased
1	421	107	0	2	0	0	1	unphased
1	422	92	0	2	0	0	1	unphased
1	423	100	0	2	0	0	1	unphased
1	424	104	0	2	0	0	1	unphased
1	425	91	0	2	0	0	1	unphased
1	426	103	0	2	0	0	1	unphased
1	427	114	0	2	0	0	1	unphased
1	428	118	0	2	0	0	1	unphased
1	429	95	0	2	0	0	1	unphased
1	430	80	0	2	0	0	1	unphased
1	431	97	0	2	0	0	1	unphased
1	432	90	0	2	0	0	1	unphased
1	433	88	0	2	0	0	1	unphased
1	434	89	0	2	0	0	1	unphased
1	435	88	0	2	0	0	1	unphased
1	436	99	0	2	0	0	1	unphased
1	437	92	0	2	0	0	1	unphased
1	438	102	0	2	0	0	1	unphased
1	439	106	0	2	0	0	1	unphased
1	440	101	0	2	0	0	1	unphased
1	441	110	0	2	0	0	1	unphased
1	442	104	0	2	0	0	1	unphased
1	443	95	0	2	0	0	1	unphased
1	444	90	0	2	0	0	1	unphased
1	445	117	0	2	0	0	1	unphased
1	446	112	0	2	0	0	1	unphased
1	447	101	0	2	0	0	1	unphased
1	448	106	0	2	0	0	1	unphased
1	449	102	0	2	0	0	1	unphased
1	450	106	0	2	0	0	1	unphased
1	451	85	0	2	0	0	1	unphased
1	452	98	0	2	0	0	1	unphased
1	453	110	0	2	0	0	1	unphased
1	454	113	0	2	0	0	1	unphased
1	455	106	0	2	0	0	1	unphased
1	456	107	0	2	0	0	1	unphased
1	457	106	0	2	0	0	1	unphased
1	458	115	0	2	0	0	1	unphased
1	459	108	0	2	0	0	1	unphased
1	460	97	0	2	0	0	1	unphased
1	461	100	0	2	0	0	1	unphased
1	462	84	0	2	0	0	1	unphased
1	463	109	0	2	0	0	1	unphased
1	464	93	0	2	0	0	1	unphased
1	465	104	0	2	0	0	1	unphased
1	466	111	0	2	0	0	1	unphased
1	467	107	0	2	0	0	1	unphased
1	468	100	0	2	0	0	1	unphased
1	469	100	0	2	0	0	1	unphased
1	470	99	0	2	0	0	1	unphased
1	471	87	0	2	0	0	1	unphased
1	472	95	0	2	0	0	1	unphased
1	473	97	0	2	0	0	1	unphased
1	474	108	0	2	0	0	1	unphased
1	475	104	0	2	0	0	1	unphased
1	476	93	0	2	0	0	1	unphased
1	477	101	0	2	0	0	1	unphased
1	478	98	0	2	0	0	1	unphased
1	479	103	0	2	0	0	1	unphased
1	480	122	0	2	0	0	1	unphased
1	481	98	0	2	0	0	1	unphased
1	482	82	0	2	0	0	1	unphased
1	483	92	0	2	0	0	1	unphased
1	484	87	0	2	0	0	1	unphased
1	485	103	0	2	0	0	1	unphased
1	486	94	0	2	0	0	1	unphased
1	487	106	0	2	0	0	1	unphased
1	488	112	0	2	0	0	1	unphased
1	489	104	0	2	0	0	1	unphased
1	490	96	0	2	0	0	1	unphased
1	491	98	0	2	0	0	1	unphased
1	492	98	0	2	0	0	1	unphased
1	493	94	0	2	0	0	1	unphased
1	494	109	0	2	0	0	1	unphased
1	495	90	0	2	0	0	1	unphased
1	496	91	0	2	0	0	1	unphased
1	497	83	0	2	0	0	1	unphased
1	498	88	0	2	0	0	1	unphased
1	499	89	0	2	0	0	1	unphased
1	500	107	0	2	0	0	1	unphased
1	501	115	0	2	0	0	1	unphased
1	502	91	0	2	0	0	1	unphased
1	503	109	0	2	0	0	1	unphased
1	504	106	0	2	0	0	1	unphased
1	505	108	0	2	0	0	1	unphased
1	506	92	0	2	0	0	1	unphased
1	507	99	0	2	0	0	1	unphased
1	508	109	0	2	0	0	1	unphased
1	509	103	0	2	0	0	1	unphased
1	510	122	0	2	0	0	1	unphased
1	511	105	0	2	0	0	1	unphased
1	512	101	0	2	0	0	1	unphased
1	513	112	0	2	0	0	1	unphased
1	514	112	0	2	0	0	1	unphased
1	515	87	0	2	0	0	1	unphased
1	516	76	0	2	0	0	1	unphased
1	517	101	0	2	0	0	1	unphased
1	518	107	0	2	0	0	1	unphased
1	519	117	0	2	0	0	1	unphased
1	520	89	0	2	0	0	1	unphased
1	521	106	0	2	0	0	1	unphased
1	522	80	0	2	0	0	1	unphased
1	523	107	0	2	0	0	1	unphased
1	524	92	0	2	0	0	1	unphased
1	525	92	0	2	0	0	1	unphased
1	526	111	0	2	0	0	1	unphased
1	527	92	0	2	0	0	1	unphased
1	528	104	0	2	0	0	1	unphased
1	529	97	0	2	0	0	1	unphased
1	530	126	0	2	0	0	1	unphased
1	531	91	0	2	0	0	1	unphased
1	532	92	0	2	0	0	1	unphased
1	533	102	0	2	0	0	1	unphased
1	534	94	0	2	0	0	1	unphased
1	535	94	0	2	0	0	1	unphased
1	536	94	0	2	0	0	1	unphased
1	537	84	0	2	0	0	1	unphased
1	538	92	0	2	0	0	1	unphased
1	539	85	0	2	0	0	1	unphased
1	540	100	0	2	0	0	1	unphased
1	541	97	0	2	0	0	1	unphased
1	542	106	0	2	0	0	1	unphased
1	543	93	0	2	0	0	1	unphased
1	544	96	0	2	0	0	1	unphased
1	545	99	0	2	0	0	1	unphased
1	546	95	0	2	0	0	1	unphased
1	547	87	0	2	0	0	1	unphased
1	548	110	0	2	0	0	1	unphased
1	549	103	0	2	0	0	1	unphased
1	550	94	0	2	0	0	1	unphased
1	551	106	0	2	0	0	1	unphased
1	552	102	0	2	0	0	1	unphased
1	553	110	0	2	0	0	1	unphased
1	554	96	0	2	0	0	1	unphased
1	555	78	0	2	0	0	1	unphased
1	556	87	0	2	0	0	1	unphased
1	557	91	0	2	0	0	1	unphased
1	558	126	0	2	0	0	1	unphased
1	559	90	0	2	0	0	1	unphased
1	560	101	0	2	0	0	1	unphased
1	561	86	0	2	0	0	1	unphased
1	562	101	0	2	0	0	1	unphased
1	563	121	0	2	0	0	1	unphased
1	564	88	0	2	0	0	1	unphased
1	565	95	0	2	0	0	1	unphased
1	566	105	0	2	0	0	1	unphased
1	567	83	0	2	0	0	1	unphased
1	568	119	0	2	0	0	1	unphased
1	569	103	0	2	0	0	1	unphased
1	570	101	0	2	0	0	1	unphased
1	571	105	0	2	0	0	1	unphased
1	572	88	0	2	0	0	1	unphased
1	573	116	0	2	0	0	1	unphased
1	574	106	0	2	0	0	1	unphased
1	575	85	0	2	0	0	1	unphased
1	576	92	0	2	0	0	1	unphased
1	577	91	0	2	0	0	1	unphased
1	578	95	0	2	0	0	1	unphased
1	579	100	0	2	0	0	1	unphased
1	580	90	0	2	0	0	1	unphased
1	581	106	0	2	0	0	1	unphased
1	582	113	0	2	0	0	1	unphased
1	583	94	0	2	0	0	1	unphased
1	584	104	0	2	0	0	1	unphased
1	585	102	0	2	0	0	1	unphased
1	586	105	0	2	0	0	1	unphased
1	587	94	0	2	0	0	1	unphased
1	588	111	0	2	0	0	1	unphased
1	589	101	0	2	0	0	1	unphased
1	590	105	0	2	0	0	1	unphased
1	591	96	0	2	0	0	1	unphased
1	592	94	0	2	0	0	1	unphased
1	593	87	0	2	0	0	1	unphased
1	594	87	0	2	0	0	1	unphased
1	595	109	0	2	0	0	1	unphased
1	596	103	0	2	0	0	1	unphased
1	597	92	0	2	0	0	1	unphased
1	598	83	0	2	0	0	1	unphased
1	599	103	0	2	0	0	1	unphased
1	600	79	0	2	0	0	1	unphased
1	601	28	57	2	1.34117647058824	1.34117647058824	1	unphased
1	602	57	44	2	0.871287128712871	0.871287128712871	1	unphased
1	603	48	51	2	1.03030303030303	1.03030303030303	1	unphased
1	604	40	54	2	1.14893617021277	1.14893617021277	1	unphased
1	605	42	50	2	1.08695652173913	1.08695652173913	1	unphased
1	606	66	50	2	0.862068965517241	0.862068965517241	1	unphased
1	607	54	54	2	1	1	1	unphased
1	608	57	46	2	0.893203883495146	0.893203883495146	1	unphased
1	609	65	49	2	0.859649122807018	0.859649122807018	1	unphased
1	610	38	52	2	1.15555555555556	1.15555555555556	1	unphased
1	611	41	52	2	1.11827956989247	1.11827956989247	1	unphased
1	612	51	50	2	0.99009900990099	0.99009900990099	1	unphased
1	613	51	43	2	0.914893617021277	0.914893617021277	1	unphased
1	614	50	51	2	1.00990099009901	1.00990099009901	1	unphased
1	615	37	50	2	1.14942528735632	1.14942528735632	1	unphased
1	616	39	51	2	1.13333333333333	1.13333333333333	1	unphased
1	617	52	48	2	0.96	0.96	1	unphased
1	618	54	53	2	0.990654205607477	0.990654205607477	1	unphased
1	619	51	44	2	0.926315789473684	0.926315789473684	1	unphased
1	620	59	41	2	0.82	0.82	1	unphased
1	621	42	58	2	1.16	1.16	1	unphased
1	622	60	45	2	0.857142857142857	0.857142857142857	1	unphased
1	623	50	45	2	0.947368421052632	0.947368421052632	1	unphased
1	624	50	61	2	1.0990990990991	1.0990990990991	1	unphased
1	625	44	53	2	1.09278350515464	1.09278350515464	1	unphased
1	626	39	52	2	1.14285714285714	1.14285714285714	1	unphased
1	627	50	44	2	0.936170212765957	0.936170212765957	1	unphased
1	628	60	45	2	0.857142857142857	0.857142857142857	1	unphased
1	629	53	49	2	0.96078431372549	0.96078431372549	1	unphased
1	630	43	59	2	1.15686274509804	1.15686274509804	1	unphased
1	631	56	47	2	0.912621359223301	0.912621359223301	1	unphased
1	632	41	57	2	1.16326530612245	1.16326530612245	1	unphased
1	633	67	42	2	0.770642201834862	0.770642201834862	1	unphased
1	634	56	41	2	0.845360824742268	0.845360824742268	1	unphased
1	635	33	52	2	1.22352941176471	1.22352941176471	1	unphased
1	636	41	53	2	1.12765957446809	1.12765957446809	1	unphased
1	637	42	54	2	1.125	1.125	1	unphased
1	638	41	53	2	1.12765957446809	1.12765957446809	1	unphased
1	639	40	55	2	1.15789473684211	1.15789473684211	1	unphased
1	640	84	40	2	0.645161290322581	0.645161290322581	1	unphased
1	641	60	44	2	0.846153846153846	0.846153846153846	1	unphased
1	642	61	36	2	0.742268041237113	0.742268041237113	1	unphased
1	643	48	52	2	1.04	1.04	1	unphased
1	644	46	49	2	1.03157894736842	1.03157894736842	1	unphased
1	645	59	40	2	0.808080808080808	0.808080808080808	1	unphased
1	646	64	51	2	0.88695652173913	0.88695652173913	1	unphased
1	647	56	49	2	0.933333333333333	0.933333333333333	1	unphased
1	648	64	36	2	0.72	0.72	1	unphased
1	649	39	49	2	1.11363636363636	1.11363636363636	1	unphased
1	650	62	43	2	0.819047619047619	0.819047619047619	1	unphased
1	651	23	57	2	1.425	1.425	1	unphased
1	652	70	45	2	0.782608695652174	0.782608695652174	1	unphased
1	653	45	54	2	1.09090909090909	1.09090909090909	1	unphased
1	654	46	56	2	1.09803921568627	1.09803921568627	1	unphased
1	655	60	45	2	0.857142857142857	0.857142857142857	1	unphased
1	656	68	50	2	0.847457627118644	0.847457627118644	1	unphased
1	657	57	47	2	0.903846153846154	0.903846153846154	1	unphased
1	658	53	50	2	0.970873786407767	0.970873786407767	1	unphased
1	659	51	49	2	0.98	0.98	1	unphased
1	660	47	54	2	1.06930693069307	1.06930693069307	1	unphased
1	661	43	54	2	1.11340206185567	1.11340206185567	1	unphased
1	662	42	46	2	1.04545454545455	1.04545454545455	1	unphased
1	663	66	46	2	0.821428571428571	0.821428571428571	1	unphased
1	664	66	47	2	0.831858407079646	0.831858407079646	1	unphased
1	665	61	47	2	0.87037037037037	0.87037037037037	1	unphased
1	666	78	39	2	0.666666666666667	0.666666666666667	1	unphased
1	667	46	54	2	1.08	1.08	1	unphased
1	668	45	62	2	1.1588785046729	1.1588785046729	1	unphased
1	669	44	50	2	1.06382978723404	1.06382978723404	1	unphased
1	670	55	45	2	0.9	0.9	1	unphased
1	671	59	49	2	0.907407407407407	0.907407407407407	1	unphased
1	672	63	46	2	0.844036697247706	0.844036697247706	1	unphased
1	673	28	58	2	1.34883720930233	1.34883720930233	1	unphased
1	674	68	50	2	0.847457627118644	0.847457627118644	1	unphased
1	675	46	42	2	0.954545454545455	0.954545454545455	1	unphased
1	676	36	51	2	1.17241379310345	1.17241379310345	1	unphased
1	677	51	46	2	0.948453608247423	0.948453608247423	1	unphased
1	678	26	55	2	1.35802469135802	1.35802469135802	1	unphased
1	679	37	55	2	1.19565217391304	1.19565217391304	1	unphased
1	680	45	51	2	1.0625	1.0625	1	unphased
1	681	67	47	2	0.824561403508772	0.824561403508772	1	unphased
1	682	86	49	2	0.725925925925926	0.725925925925926	1	unphased
1	683	56	49	2	0.933333333333333	0.933333333333333	1	unphased
1	684	53	46	2	0.929292929292929	0.929292929292929	1	unphased
1	685	51	52	2	1.00970873786408	1.00970873786408	1	unphased
1	686	46	51	2	1.05154639175258	1.05154639175258	1	unphased
1	687	74	45	2	0.756302521008403	0.756302521008403	1	unphased
1	688	39	44	2	1.06024096385542	1.06024096385542	1	unphased
1	689	37	53	2	1.17777777777778	1.17777777777778	1	unphased
1	690	44	56	2	1.12	1.12	1	unphased
1	691	63	41	2	0.788461538461538	0.788461538461538	1	unphased
1	692	51	49	2	0.98	0.98	1	unphased
1	693	40	51	2	1.12087912087912	1.12087912087912	1	unphased
1	694	56	44	2	0.88	0.88	1	unphased
1	695	52	52	2	1	1	1	unphased
1	696	61	50	2	0.900900900900901	0.900900900900901	1	unphased
1	697	59	42	2	0.831683168316832	0.831683168316832	1	unphased
1	698	12	62	2	1.67567567567568	1.67567567567568	1	unphased
1	699	33	63	2	1.3125	1.3125	1	unphased
1	700	59	49	2	0.907407407407407	0.907407407407407	1	unphased
1	701	96	0	2	0	0	1	unphased
1	702	94	0	2	0	0	1	unphased
1	703	86	0	2	0	0	1	unphased
1	704	105	0	2	0	0	1	unphased
1	705	97	0	2	0	0	1	unphased
1	706	108	0	2	0	0	1	unphased
1	707	114	0	2	0	0	1	unphased
1	708	120	0	2	0	0	1	unphased
1	709	98	0	2	0	0	1	unphased
1	710	97	0	2	0	0	1	unphased
1	711	103	0	2	0	0	1	unphased
1	712	87	0	2	0	0	1	unphased
1	713	81	0	2	0	0	1	unphased
1	714	93	0	2	0	0	1	unphased
1	715	113	0	2	0	0	1	unphased
1	716	88	0	2	0	0	1	unphased
1	717	101	0	2	0	0	1	unphased
1	718	107	0	2	0	0	1	unphased
1	719	106	0	2	0	0	1	unphased
1	720	85	0	2	0	0	1	unphased
1	721	90	0	2	0	0	1	unphased
1	722	96	0	2	0	0	1	unphased
1	723	102	0	2	0	0	1	unphased
1	724	111	0	2	0	0	1	unphased
1	725	97	0	2	0	0	1	unphased
1	726	94	0	2	0	0	1	unphased
1	727	103	0	2	0	0	1	unphased
1	728	115	0	2	0	0	1	unphased
1	729	111	0	2	0	0	1	unphased
1	730	83	0	2	0	0	1	unphased
1	731	90	0	2	0	0	1	unphased
1	732	92	0	2	0	0	1	unphased
1	733	98	0	2	0	0	1	unphased
1	734	99	0	2	0	0	1	unphased
1	735	95	0	2	0	0	1	unphased
1	736	91	0	2	0	0	1	unphased
1	737	112	0	2	0	0	1	unphased
1	738	98	0	2	0	0	1	unphased
1	739	114	0	2	0	0	1	unphased
1	740	97	0	2	0	0	1	unphased
1	741	84	0	2	0	0	1	unphased
1	742	95	0	2	0	0	1	unphased
1	743	102	0	2	0	0	1	unphased
1	744	116	0	2	0	0	1	unphased
1	745	98	0	2	0	0	1	unphased
1	746	93	0	2	0	0	1	unphased
1	747	113	0	2	0	0	1	unphased
1	748	95	0	2	0	0	1	unphased
1	749	105	0	2	0	0	1	unphased
1	750	108	0	2	0	0	1	unphased
1	751	110	0	2	0	0	1	unphased
1	752	110	0	2	0	0	1	unphased
1	753	113	0	2	0	0	1	unphased
1	754	102	0	2	0	0	1	unphased
1	755	97	0	2	0	0	1	unphased
1	756	101	0	2	0	0	1	unphased
1	757	113	0	2	0	0	1	unphased
1	758	99	0	2	0	0	1	unphased
1	759	104	0	2	0	0	1	unphased
1	760	80	0	2	0	0	1	unphased
1	761	91	0	2	0	0	1	unphased
1	762	97	0	2	0	0	1	unphased
1	763	97	0	2	0	0	1	unphased
1	764	79	0	2	0	0	1	unphased
1	765	118	0	2	0	0	1	unphased
1	766	105	0	2	0	0	1	unphased
1	767	84	0	2	0	0	1	unphased
1	768	100	0	2	0	0	1	unphased
1	769	102	0	2	0	0	1	unphased
1	770	100	0	2	0	0	1	unphased
1	771	104	0	2	0	0	1	unphased
1	772	98	0	2	0	0	1	unphased
1	773	103	0	2	0	0	1	unphased
1	774	101	0	2	0	0	1	unphased
1	775	98	0	2	0	0	1	unphased
1	776	96	0	2	0	0	1	unphased
1	777	101	0	2	0	0	1	unphased
1	778	93	0	2	0	0	1	unphased
1	779	92	0	2	0	0	1	unphased
1	780	125	0	2	0	0	1	unphased
1	781	87	0	2	0	0	1	unphased
1	782	118	0	2	0	0	1	unphased
1	783	98	0	2	0	0	1	unphased
1	784	103	0	2	0	0	1	unphased
1	785	90	0	2	0	0	1	unphased
1	786	110	0	2	0	0	1	unphased
1	787	102	0	2	0	0	1	unphased
1	788	91	0	2	0	0	1	unphased
1	789	82	0	2	0	0	1	unphased
1	790	95	0	2	0	0	1	unphased
1	791	81	0	2	0	0	1	unphased
1	792	93	0	2	0	0	1	unphased
1	793	84	0	2	0	0	1	unphased
1	794	82	0	2	0	0	1	unphased
1	795	84	0	2	0	0	1	unphased
1	796	115	0	2	0	0	1	unphased
1	797	95	0	2	0	0	1	unphased
1	798	93	0	2	0	0	1	unphased
1	799	97	0	2	0	0	1	unphased
1	800	112	0	2	0	0	1	unphased
1	801	88	0	2	0	0	1	unphased
1	802	108	0	2	0	0	1	unphased
1	803	88	0	2	0	0	1	unphased
1	804	87	0	2	0	0	1	unphased
1	805	111	0	2	0	0	1	unphased
1	806	83	0	2	0	0	1	unphased
1	807	93	0	2	0	0	1	unphased
1	808	96	0	2	0	0	1	unphased
1	809	102	0	2	0	0	1	unphased
1	810	109	0	2	0	0	1	unphased
1	811	109	0	2	0	0	1	unphased
1	812	86	0	2	0	0	1	unphased
1	813	104	0	2	0	0	1	unphased
1	814	111	0	2	0	0	1	unphased
1	815	100	0	2	0	0	1	unphased
1	816	93	0	2	0	0	1	unphased
1	817	106	0	2	0	0	1	unphased
1	818	114	0	2	0	0	1	unphased
1	819	93	0	2	0	0	1	unphased
1	820	121	0	2	0	0	1	unphased
1	821	110	0	2	0	0	1	unphased
1	822	112	0	2	0	0	1	unphased
1	823	111	0	2	0	0	1	unphased
1	824	87	0	2	0	0	1	unphased
1	825	84	0	2	0	0	1	unphased
1	826	111	0	2	0	0	1	unphased
1	827	94	0	2	0	0	1	unphased
1	828	112	0	2	0	0	1	unphased
1	829	104	0	2	0	0	1	unphased
1	830	94	0	2	0	0	1	unphased
1	831	99	0	2	0	0	1	unphased
1	832	87	0	2	0	0	1	unphased
1	833	123	0	2	0	0	1	unphased
1	834	104	0	2	0	0	1	unphased
1	835	87	0	2	0	0	1	unphased
1	836	114	0	2	0	0	1	unphased
1	837	100	0	2	0	0	1	unphased
1	838	117	0	2	0	0	1	unphased
1	839	103	0	2	0	0	1	unphased
1	840	80	0	2	0	0	1	unphased
1	841	111	0	2	0	0	1	unphased
1	842	109	0	2	0	0	1	unphased
1	843	108	0	2	0	0	1	unphased
1	844	80	0	2	0	0	1	unphased
1	845	101	0	2	0	0	1	unphased
1	846	107	0	2	0	0	1	unphased
1	847	89	0	2	0	0	1	unphased
1	848	106	0	2	0	0	1	unphased
1	849	104	0	2	0	0	1	unphased
1	850	89	0	2	0	0	1	unphased
1	851	94	0	2	0	0	1	unphased
1	852	117	0	2	0	0	1	unphased
1	853	97	0	2	0	0	1	unphased
1	854	100	0	2	0	0	1	unphased
1	855	96	0	2	0	0	1	unphased
1	856	99	0	2	0	0	1	unphased
1	857	103	0	2	0	0	1	unphased
1	858	101	0	2	0	0	1	unphased
1	859	100	0	2	0	0	1	unphased
1	860	98	0	2	0	0	1	unphased
1	861	119	0	2	0	0	1	unphased
1	862	112	0	2	0	0	1	unphased
1	863	108	0	2	0	0	1	unphased
1	864	82	0	2	0	0	1	unphased
1	865	87	0	2	0	0	1	unphased
1	866	99	0	2	0	0	1	unphased
1	867	91	0	2	0	0	1	unphased
1	868	99	0	2	0	0	1	unphased
1	869	102	0	2	0	0	1	unphased
1	870	111	0	2	0	0	1	unphased
1	871	94	0	2	0	0	1	unphased
1	872	89	0	2	0	0	1	unphased
1	873	113	0	2	0	0	1	unphased
1	874	125	0	2	0	0	1	unphased
1	875	119	0	2	0	0	1	unphased
1	876	96	0	2	0	0	1	unphased
1	877	98	0	2	0	0	1	unphased
1	878	107	0	2	0	0	1	unphased
1	879	87	0	2	0	0	1	unphased
1	880	112	0	2	0	0	1	unphased
1	881	89	0	2	0	0	1	unphased
1	882	108	0	2	0	0	1	unphased
1	883	107	0	2	0	0	1	unphased
1	884	115	0	2	0	0	1	unphased
1	885	104	0	2	0	0	1	unphased
1	886	113	0	2	0	0	1	unphased
1	887	90	0	2	0	0	1	unphased
1	888	107	0	2	0	0	1	unphased
1	889	101	0	2	0	0	1	unphased
1	890	105	0	2	0	0	1	unphased
1	891	94	0	2	0	0	1	unphased
1	892	97	0	2	0	0	1	unphased
1	893	86	0	2	0	0	1	unphased
1	894	116	0	2	0	0	1	unphased
1	895	91	0	2	0	0	1	unphased
1	896	82	0	2	0	0	1	unphased
1	897	123	0	2	0	0	1	unphased
1	898	87	0	2	0	0	1	unphased
1	899	114	0	2	0	0	1	unphased
1	900	89	0	2	0	0	1	unphased
