chr	end	WT.count	mut.count	subclonal.CN	mutation.copy.number	subclonal.fraction	no.chrs.bearing.mut	phase
1	1	57	47	2	0.903846153846154	0.903846153846154	1	unphased
1	2	38	55	2	1.18279569892473	1.18279569892473	1	unphased
1	3	39	54	2	1.16129032258065	1.16129032258065	1	unphased
1	4	54	47	2	0.930693069306931	0.930693069306931	1	unphased
1	5	52	53	2	1.00952380952381	1.00952380952381	1	unphased
1	6	25	52	2	1.35064935064935	1.35064935064935	1	unphased
1	7	62	48	2	0.872727272727273	0.872727272727273	1	unphased
1	8	60	51	2	0.918918918918919	0.918918918918919	1	unphased
1	9	62	60	2	0.983606557377049	0.983606557377049	1	unphased
1	10	24	57	2	1.40740740740741	1.40740740740741	1	unphased
1	11	59	43	2	0.843137254901961	0.843137254901961	1	unphased
1	12	51	44	2	0.926315789473684	0.926315789473684	1	unphased
1	13	40	51	2	1.12087912087912	1.12087912087912	1	unphased
1	14	35	55	2	1.22222222222222	1.22222222222222	1	unphased
1	15	34	54	2	1.22727272727273	1.22727272727273	1	unphased
1	16	45	48	2	1.03225806451613	1.03225806451613	1	unphased
1	17	59	48	2	0.897196261682243	0.897196261682243	1	unphased
1	18	46	56	2	1.09803921568627	1.09803921568627	1	unphased
1	19	63	42	2	0.8	0.8	1	unphased
1	20	44	51	2	1.07368421052632	1.07368421052632	1	unphased
1	21	61	46	2	0.85981308411215	0.85981308411215	1	unphased
1	22	52	54	2	1.0188679245283	1.0188679245283	1	unphased
1	23	48	48	2	1	1	1	unphased
1	24	57	48	2	0.914285714285714	0.914285714285714	1	unphased
1	25	62	38	2	0.76	0.76	1	unphased
1	26	54	47	2	0.930693069306931	0.930693069306931	1	unphased
1	27	49	43	2	0.934782608695652	0.934782608695652	1	unphased
1	28	44	55	2	1.11111111111111	1.11111111111111	1	unphased
1	29	47	57	2	1.09615384615385	1.09615384615385	1	unphased
1	30	40	57	2	1.17525773195876	1.17525773195876	1	unphased
1	31	44	54	2	1.10204081632653	1.10204081632653	1	unphased
1	32	58	46	2	0.884615384615385	0.884615384615385	1	unphased
1	33	38	52	2	1.15555555555556	1.15555555555556	1	unphased
1	34	44	44	2	1	1	1	unphased
1	35	64	42	2	0.792452830188679	0.792452830188679	1	unphased
1	36	35	53	2	1.20454545454545	1.20454545454545	1	unphased
1	37	36	54	2	1.2	1.2	1	unphased
1	38	54	48	2	0.941176470588235	0.941176470588235	1	unphased
1	39	53	45	2	0.918367346938776	0.918367346938776	1	unphased
1	40	51	49	2	0.98	0.98	1	unphased
1	41	52	51	2	0.990291262135922	0.990291262135922	1	unphased
1	42	64	47	2	0.846846846846847	0.846846846846847	1	unphased
1	43	69	52	2	0.859504132231405	0.859504132231405	1	unphased
1	44	43	52	2	1.09473684210526	1.09473684210526	1	unphased
1	45	62	42	2	0.807692307692308	0.807692307692308	1	unphased
1	46	56	55	2	0.990990990990991	0.990990990990991	1	unphased
1	47	42	57	2	1.15151515151515	1.15151515151515	1	unphased
1	48	47	43	2	0.955555555555556	0.955555555555556	1	unphased
1	49	25	54	2	1.36708860759494	1.36708860759494	1	unphased
1	50	59	46	2	0.876190476190476	0.876190476190476	1	unphased
1	51	43	55	2	1.12244897959184	1.12244897959184	1	unphased
1	52	56	49	2	0.933333333333333	0.933333333333333	1	unphased
1	53	73	47	2	0.783333333333333	0.783333333333333	1	unphased
1	54	58	52	2	0.945454545454545	0.945454545454545	1	unphased
1	55	37	53	2	1.17777777777778	1.17777777777778	1	unphased
1	56	46	48	2	1.02127659574468	1.02127659574468	1	unphased
1	57	45	47	2	1.02173913043478	1.02173913043478	1	unphased
1	58	53	48	2	0.95049504950495	0.95049504950495	1	unphased
1	59	51	53	2	1.01923076923077	1.01923076923077	1	unphased
1	60	45	46	2	1.01098901098901	1.01098901098901	1	unphased
1	61	48	49	2	1.01030927835052	1.01030927835052	1	unphased
1	62	44	48	2	1.04347826086957	1.04347826086957	1	unphased
1	63	38	49	2	1.1264367816092	1.1264367816092	1	unphased
1	64	28	49	2	1.27272727272727	1.27272727272727	1	unphased
1	65	46	51	2	1.05154639175258	1.05154639175258	1	unphased
1	66	39	58	2	1.19587628865979	1.19587628865979	1	unphased
1	67	60	47	2	0.878504672897196	0.878504672897196	1	unphased
1	68	59	42	2	0.831683168316832	0.831683168316832	1	unphased
1	69	49	48	2	0.989690721649485	0.989690721649485	1	unphased
1	70	56	49	2	0.933333333333333	0.933333333333333	1	unphased
1	71	52	49	2	0.97029702970297	0.97029702970297	1	unphased
1	72	56	50	2	0.943396226415094	0.943396226415094	1	unphased
1	73	46	52	2	1.06122448979592	1.06122448979592	1	unphased
1	74	50	59	2	1.08256880733945	1.08256880733945	1	unphased
1	75	54	50	2	0.961538461538462	0.961538461538462	1	unphased
1	76	49	44	2	0.946236559139785	0.946236559139785	1	unphased
1	77	43	50	2	1.0752688172043	1.0752688172043	1	unphased
1	78	50	43	2	0.924731182795699	0.924731182795699	1	unphased
1	79	56	40	2	0.833333333333333	0.833333333333333	1	unphased
1	80	55	48	2	0.932038834951456	0.932038834951456	1	unphased
1	81	48	53	2	1.04950495049505	1.04950495049505	1	unphased
1	82	35	56	2	1.23076923076923	1.23076923076923	1	unphased
1	83	45	44	2	0.98876404494382	0.98876404494382	1	unphased
1	84	41	45	2	1.04651162790698	1.04651162790698	1	unphased
1	85	50	54	2	1.03846153846154	1.03846153846154	1	unphased
1	86	46	60	2	1.13207547169811	1.13207547169811	1	unphased
1	87	43	48	2	1.05494505494505	1.05494505494505	1	unphased
1	88	48	56	2	1.07692307692308	1.07692307692308	1	unphased
1	89	56	55	2	0.990990990990991	0.990990990990991	1	unphased
1	90	63	50	2	0.884955752212389	0.884955752212389	1	unphased
1	91	44	46	2	1.02222222222222	1.02222222222222	1	unphased
1	92	36	47	2	1.13253012048193	1.13253012048193	1	unphased
1	93	68	46	2	0.807017543859649	0.807017543859649	1	unphased
1	94	46	44	2	0.977777777777778	0.977777777777778	1	unphased
1	95	35	58	2	1.24731182795699	1.24731182795699	1	unphased
1	96	37	53	2	1.17777777777778	1.17777777777778	1	unphased
1	97	60	40	2	0.8	0.8	1	unphased
1	98	37	52	2	1.1685393258427	1.1685393258427	1	unphased
1	99	42	54	2	1.125	1.125	1	unphased
1	100	32	51	2	1.2289156626506	1.2289156626506	1	unphased
1	101	48	50	2	1.02040816326531	1.02040816326531	1	unphased
1	102	64	51	2	0.88695652173913	0.88695652173913	1	unphased
1	103	48	47	2	0.989473684210526	0.989473684210526	1	unphased
1	104	46	46	2	1	1	1	unphased
1	105	67	40	2	0.747663551401869	0.747663551401869	1	unphased
1	106	30	58	2	1.31818181818182	1.31818181818182	1	unphased
1	107	62	49	2	0.882882882882883	0.882882882882883	1	unphased
1	108	60	51	2	0.918918918918919	0.918918918918919	1	unphased
1	109	63	51	2	0.894736842105263	0.894736842105263	1	unphased
1	110	65	46	2	0.828828828828829	0.828828828828829	1	unphased
1	111	54	53	2	0.990654205607477	0.990654205607477	1	unphased
1	112	47	53	2	1.06	1.06	1	unphased
1	113	47	50	2	1.03092783505155	1.03092783505155	1	unphased
1	114	38	47	2	1.10588235294118	1.10588235294118	1	unphased
1	115	46	50	2	1.04166666666667	1.04166666666667	1	unphased
1	116	47	49	2	1.02083333333333	1.02083333333333	1	unphased
1	117	50	49	2	0.98989898989899	0.98989898989899	1	unphased
1	118	43	44	2	1.01149425287356	1.01149425287356	1	unphased
1	119	36	58	2	1.23404255319149	1.23404255319149	1	unphased
1	120	36	52	2	1.18181818181818	1.18181818181818	1	unphased
1	121	57	51	2	0.944444444444444	0.944444444444444	1	unphased
1	122	62	40	2	0.784313725490196	0.784313725490196	1	unphased
1	123	51	53	2	1.01923076923077	1.01923076923077	1	unphased
1	124	59	55	2	0.964912280701754	0.964912280701754	1	unphased
1	125	44	52	2	1.08333333333333	1.08333333333333	1	unphased
1	126	56	56	2	1	1	1	unphased
1	127	50	50	2	1	1	1	unphased
1	128	36	47	2	1.13253012048193	1.13253012048193	1	unphased
1	129	46	53	2	1.07070707070707	1.07070707070707	1	unphased
1	130	53	52	2	0.99047619047619	0.99047619047619	1	unphased
1	131	44	55	2	1.11111111111111	1.11111111111111	1	unphased
1	132	65	37	2	0.725490196078431	0.725490196078431	1	unphased
1	133	56	48	2	0.923076923076923	0.923076923076923	1	unphased
1	134	51	54	2	1.02857142857143	1.02857142857143	1	unphased
1	135	50	47	2	0.969072164948454	0.969072164948454	1	unphased
1	136	47	50	2	1.03092783505155	1.03092783505155	1	unphased
1	137	56	52	2	0.962962962962963	0.962962962962963	1	unphased
1	138	59	43	2	0.843137254901961	0.843137254901961	1	unphased
1	139	49	47	2	0.979166666666667	0.979166666666667	1	unphased
1	140	58	55	2	0.973451327433628	0.973451327433628	1	unphased
1	141	48	57	2	1.08571428571429	1.08571428571429	1	unphased
1	142	53	56	2	1.02752293577982	1.02752293577982	1	unphased
1	143	48	52	2	1.04	1.04	1	unphased
1	144	56	56	2	1	1	1	unphased
1	145	59	47	2	0.886792452830189	0.886792452830189	1	unphased
1	146	73	51	2	0.82258064516129	0.82258064516129	1	unphased
1	147	57	44	2	0.871287128712871	0.871287128712871	1	unphased
1	148	39	52	2	1.14285714285714	1.14285714285714	1	unphased
1	149	59	40	2	0.808080808080808	0.808080808080808	1	unphased
1	150	63	45	2	0.833333333333333	0.833333333333333	1	unphased
1	151	49	52	2	1.02970297029703	1.02970297029703	1	unphased
1	152	59	47	2	0.886792452830189	0.886792452830189	1	unphased
1	153	58	44	2	0.862745098039216	0.862745098039216	1	unphased
1	154	53	54	2	1.00934579439252	1.00934579439252	1	unphased
1	155	46	51	2	1.05154639175258	1.05154639175258	1	unphased
1	156	41	54	2	1.13684210526316	1.13684210526316	1	unphased
1	157	64	48	2	0.857142857142857	0.857142857142857	1	unphased
1	158	56	52	2	0.962962962962963	0.962962962962963	1	unphased
1	159	53	42	2	0.88421052631579	0.88421052631579	1	unphased
1	160	56	55	2	0.990990990990991	0.990990990990991	1	unphased
1	161	43	42	2	0.988235294117647	0.988235294117647	1	unphased
1	162	43	57	2	1.14	1.14	1	unphased
1	163	43	55	2	1.12244897959184	1.12244897959184	1	unphased
1	164	38	55	2	1.18279569892473	1.18279569892473	1	unphased
1	165	52	42	2	0.893617021276596	0.893617021276596	1	unphased
1	166	51	44	2	0.926315789473684	0.926315789473684	1	unphased
1	167	41	60	2	1.18811881188119	1.18811881188119	1	unphased
1	168	60	43	2	0.83495145631068	0.83495145631068	1	unphased
1	169	60	45	2	0.857142857142857	0.857142857142857	1	unphased
1	170	60	61	2	1.00826446280992	1.00826446280992	1	unphased
1	171	44	49	2	1.05376344086022	1.05376344086022	1	unphased
1	172	46	49	2	1.03157894736842	1.03157894736842	1	unphased
1	173	53	49	2	0.96078431372549	0.96078431372549	1	unphased
1	174	50	42	2	0.91304347826087	0.91304347826087	1	unphased
1	175	44	41	2	0.964705882352941	0.964705882352941	1	unphased
1	176	66	36	2	0.705882352941177	0.705882352941177	1	unphased
1	177	71	44	2	0.765217391304348	0.765217391304348	1	unphased
1	178	46	55	2	1.08910891089109	1.08910891089109	1	unphased
1	179	46	59	2	1.12380952380952	1.12380952380952	1	unphased
1	180	60	44	2	0.846153846153846	0.846153846153846	1	unphased
1	181	55	48	2	0.932038834951456	0.932038834951456	1	unphased
1	182	43	51	2	1.08510638297872	1.08510638297872	1	unphased
1	183	48	44	2	0.956521739130435	0.956521739130435	1	unphased
1	184	45	45	2	1	1	1	unphased
1	185	61	45	2	0.849056603773585	0.849056603773585	1	unphased
1	186	59	49	2	0.907407407407407	0.907407407407407	1	unphased
1	187	60	54	2	0.947368421052632	0.947368421052632	1	unphased
1	188	61	48	2	0.880733944954128	0.880733944954128	1	unphased
1	189	53	45	2	0.918367346938776	0.918367346938776	1	unphased
1	190	43	52	2	1.09473684210526	1.09473684210526	1	unphased
1	191	28	55	2	1.32530120481928	1.32530120481928	1	unphased
1	192	48	50	2	1.02040816326531	1.02040816326531	1	unphased
1	193	74	44	2	0.745762711864407	0.745762711864407	1	unphased
1	194	64	37	2	0.732673267326733	0.732673267326733	1	unphased
1	195	65	41	2	0.773584905660377	0.773584905660377	1	unphased
1	196	73	47	2	0.783333333333333	0.783333333333333	1	unphased
1	197	50	46	2	0.958333333333333	0.958333333333333	1	unphased
1	198	45	55	2	1.1	1.1	1	unphased
1	199	38	53	2	1.16483516483516	1.16483516483516	1	unphased
1	200	61	48	2	0.880733944954128	0.880733944954128	1	unphased
1	201	103	0	2	0	0	1	unphased
1	202	113	0	2	0	0	1	unphased
1	203	85	0	2	0	0	1	unphased
1	204	102	0	2	0	0	1	unphased
1	205	117	0	2	0	0	1	unphased
1	206	112	0	2	0	0	1	unphased
1	207	83	0	2	0	0	1	unphased
1	208	110	0	2	0	0	1	unphased
1	209	97	0	2	0	0	1	unphased
1	210	98	0	2	0	0	1	unphased
1	211	97	0	2	0	0	1	unphased
1	212	104	0	2	0	0	1	unphased
1	213	92	0	2	0	0	1	unphased
1	214	106	0	2	0	0	1	unphased
1	215	91	0	2	0	0	1	unphased
1	216	98	0	2	0	0	1	unphased
1	217	101	0	2	0	0	1	unphased
1	218	96	0	2	0	0	1	unphased
1	219	90	0	2	0	0	1	unphased
1	220	106	0	2	0	0	1	unphased
1	221	107	0	2	0	0	1	unphased
1	222	97	0	2	0	0	1	unphased
1	223	118	0	2	0	0	1	unphased
1	224	90	0	2	0	0	1	unphased
1	225	92	0	2	0	0	1	unphased
1	226	108	0	2	0	0	1	unphased
1	227	106	0	2	0	0	1	unphased
1	228	98	0	2	0	0	1	unphased
1	229	108	0	2	0	0	1	unphased
1	230	115	0	2	0	0	1	unphased
1	231	108	0	2	0	0	1	unphased
1	232	105	0	2	0	0	1	unphased
1	233	103	0	2	0	0	1	unphased
1	234	102	0	2	0	0	1	unphased
1	235	102	0	2	0	0	1	unphased
1	236	104	0	2	0	0	1	unphased
1	237	99	0	2	0	0	1	unphased
1	238	97	0	2	0	0	1	unphased
1	239	125	0	2	0	0	1	unphased
1	240	97	0	2	0	0	1	unphased
1	241	99	0	2	0	0	1	unphased
1	242	118	0	2	0	0	1	unphased
1	243	85	0	2	0	0	1	unphased
1	244	90	0	2	0	0	1	unphased
1	245	100	0	2	0	0	1	unphased
1	246	81	0	2	0	0	1	unphased
1	247	102	0	2	0	0	1	unphased
1	248	98	0	2	0	0	1	unphased
1	249	110	0	2	0	0	1	unphased
1	250	92	0	2	0	0	1	unphased
1	251	86	0	2	0	0	1	unphased
1	252	89	0	2	0	0	1	unphased
1	253	105	0	2	0	0	1	unphased
1	254	102	0	2	0	0	1	unphased
1	255	87	0	2	0	0	1	unphased
1	256	108	0	2	0	0	1	unphased
1	257	95	0	2	0	0	1	unphased
1	258	98	0	2	0	0	1	unphased
1	259	117	0	2	0	0	1	unphased
1	260	96	0	2	0	0	1	unphased
1	261	108	0	2	0	0	1	unphased
1	262	97	0	2	0	0	1	unphased
1	263	97	0	2	0	0	1	unphased
1	264	95	0	2	0	0	1	unphased
1	265	102	0	2	0	0	1	unphased
1	266	95	0	2	0	0	1	unphased
1	267	100	0	2	0	0	1	unphased
1	268	98	0	2	0	0	1	unphased
1	269	86	0	2	0	0	1	unphased
1	270	108	0	2	0	0	1	unphased
1	271	113	0	2	0	0	1	unphased
1	272	93	0	2	0	0	1	unphased
1	273	99	0	2	0	0	1	unphased
1	274	96	0	2	0	0	1	unphased
1	275	83	0	2	0	0	1	unphased
1	276	102	0	2	0	0	1	unphased
1	277	92	0	2	0	0	1	unphased
1	278	108	0	2	0	0	1	unphased
1	279	96	0	2	0	0	1	unphased
1	280	102	0	2	0	0	1	unphased
1	281	96	0	2	0	0	1	unphased
1	282	82	0	2	0	0	1	unphased
1	283	96	0	2	0	0	1	unphased
1	284	111	0	2	0	0	1	unphased
1	285	104	0	2	0	0	1	unphased
1	286	84	0	2	0	0	1	unphased
1	287	101	0	2	0	0	1	unphased
1	288	107	0	2	0	0	1	unphased
1	289	100	0	2	0	0	1	unphased
1	290	92	0	2	0	0	1	unphased
1	291	93	0	2	0	0	1	unphased
1	292	100	0	2	0	0	1	unphased
1	293	110	0	2	0	0	1	unphased
1	294	97	0	2	0	0	1	unphased
1	295	87	0	2	0	0	1	unphased
1	296	84	0	2	0	0	1	unphased
1	297	104	0	2	0	0	1	unphased
1	298	106	0	2	0	0	1	unphased
1	299	99	0	2	0	0	1	unphased
1	300	92	0	2	0	0	1	unphased
1	301	34	61	2	1.28421052631579	1.28421052631579	1	unphased
1	302	45	54	2	1.09090909090909	1.09090909090909	1	unphased
1	303	55	47	2	0.92156862745098	0.92156862745098	1	unphased
1	304	46	48	2	1.02127659574468	1.02127659574468	1	unphased
1	305	53	46	2	0.929292929292929	0.929292929292929	1	unphased
1	306	60	47	2	0.878504672897196	0.878504672897196	1	unphased
1	307	59	51	2	0.927272727272727	0.927272727272727	1	unphased
1	308	44	55	2	1.11111111111111	1.11111111111111	1	unphased
1	309	26	52	2	1.33333333333333	1.33333333333333	1	unphased
1	310	51	47	2	0.959183673469388	0.959183673469388	1	unphased
1	311	76	46	2	0.754098360655738	0.754098360655738	1	unphased
1	312	48	48	2	1	1	1	unphased
1	313	47	55	2	1.07843137254902	1.07843137254902	1	unphased
1	314	36	59	2	1.24210526315789	1.24210526315789	1	unphased
1	315	53	53	2	1	1	1	unphased
1	316	60	48	2	0.888888888888889	0.888888888888889	1	unphased
1	317	59	52	2	0.936936936936937	0.936936936936937	1	unphased
1	318	41	54	2	1.13684210526316	1.13684210526316	1	unphased
1	319	52	48	2	0.96	0.96	1	unphased
1	320	75	45	2	0.75	0.75	1	unphased
1	321	48	51	2	1.03030303030303	1.03030303030303	1	unphased
1	322	60	46	2	0.867924528301887	0.867924528301887	1	unphased
1	323	47	45	2	0.978260869565217	0.978260869565217	1	unphased
1	324	68	48	2	0.827586206896552	0.827586206896552	1	unphased
1	325	46	55	2	1.08910891089109	1.08910891089109	1	unphased
1	326	70	47	2	0.803418803418803	0.803418803418803	1	unphased
1	327	42	48	2	1.06666666666667	1.06666666666667	1	unphased
1	328	54	49	2	0.951456310679612	0.951456310679612	1	unphased
1	329	52	46	2	0.938775510204082	0.938775510204082	1	unphased
1	330	59	51	2	0.927272727272727	0.927272727272727	1	unphased
1	331	45	57	2	1.11764705882353	1.11764705882353	1	unphased
1	332	51	44	2	0.926315789473684	0.926315789473684	1	unphased
1	333	49	50	2	1.01010101010101	1.01010101010101	1	unphased
1	334	48	50	2	1.02040816326531	1.02040816326531	1	unphased
1	335	48	48	2	1	1	1	unphased
1	336	51	45	2	0.9375	0.9375	1	unphased
1	337	28	51	2	1.29113924050633	1.29113924050633	1	unphased
1	338	51	49	2	0.98	0.98	1	unphased
1	339	48	48	2	1	1	1	unphased
1	340	46	55	2	1.08910891089109	1.08910891089109	1	unphased
1	341	56	52	2	0.962962962962963	0.962962962962963	1	unphased
1	342	53	49	2	0.96078431372549	0.96078431372549	1	unphased
1	343	53	53	2	1	1	1	unphased
1	344	49	53	2	1.03921568627451	1.03921568627451	1	unphased
1	345	22	59	2	1.45679012345679	1.45679012345679	1	unphased
1	346	59	44	2	0.854368932038835	0.854368932038835	1	unphased
1	347	53	61	2	1.07017543859649	1.07017543859649	1	unphased
1	348	33	63	2	1.3125	1.3125	1	unphased
1	349	33	50	2	1.20481927710843	1.20481927710843	1	unphased
1	350	38	60	2	1.22448979591837	1.22448979591837	1	unphased
1	351	39	49	2	1.11363636363636	1.11363636363636	1	unphased
1	352	50	48	2	0.979591836734694	0.979591836734694	1	unphased
1	353	62	45	2	0.841121495327103	0.841121495327103	1	unphased
1	354	52	46	2	0.938775510204082	0.938775510204082	1	unphased
1	355	60	47	2	0.878504672897196	0.878504672897196	1	unphased
1	356	34	55	2	1.23595505617978	1.23595505617978	1	unphased
1	357	52	52	2	1	1	1	unphased
1	358	51	43	2	0.914893617021277	0.914893617021277	1	unphased
1	359	60	52	2	0.928571428571429	0.928571428571429	1	unphased
1	360	37	55	2	1.19565217391304	1.19565217391304	1	unphased
1	361	60	46	2	0.867924528301887	0.867924528301887	1	unphased
1	362	51	50	2	0.99009900990099	0.99009900990099	1	unphased
1	363	37	56	2	1.20430107526882	1.20430107526882	1	unphased
1	364	53	43	2	0.895833333333333	0.895833333333333	1	unphased
1	365	42	53	2	1.11578947368421	1.11578947368421	1	unphased
1	366	59	47	2	0.886792452830189	0.886792452830189	1	unphased
1	367	52	49	2	0.97029702970297	0.97029702970297	1	unphased
1	368	43	50	2	1.0752688172043	1.0752688172043	1	unphased
1	369	38	59	2	1.21649484536082	1.21649484536082	1	unphased
1	370	37	51	2	1.15909090909091	1.15909090909091	1	unphased
1	371	33	53	2	1.23255813953488	1.23255813953488	1	unphased
1	372	37	57	2	1.21276595744681	1.21276595744681	1	unphased
1	373	44	45	2	1.01123595505618	1.01123595505618	1	unphased
1	374	59	43	2	0.843137254901961	0.843137254901961	1	unphased
1	375	43	59	2	1.15686274509804	1.15686274509804	1	unphased
1	376	39	52	2	1.14285714285714	1.14285714285714	1	unphased
1	377	32	55	2	1.26436781609195	1.26436781609195	1	unphased
1	378	64	48	2	0.857142857142857	0.857142857142857	1	unphased
1	379	59	46	2	0.876190476190476	0.876190476190476	1	unphased
1	380	41	47	2	1.06818181818182	1.06818181818182	1	unphased
1	381	47	44	2	0.967032967032967	0.967032967032967	1	unphased
1	382	39	53	2	1.15217391304348	1.15217391304348	1	unphased
1	383	49	50	2	1.01010101010101	1.01010101010101	1	unphased
1	384	56	56	2	1	1	1	unphased
1	385	62	53	2	0.921739130434783	0.921739130434783	1	unphased
1	386	63	59	2	0.967213114754098	0.967213114754098	1	unphased
1	387	40	56	2	1.16666666666667	1.16666666666667	1	unphased
1	388	41	46	2	1.05747126436782	1.05747126436782	1	unphased
1	389	45	67	2	1.19642857142857	1.19642857142857	1	unphased
1	390	79	49	2	0.765625	0.765625	1	unphased
1	391	69	50	2	0.840336134453782	0.840336134453782	1	unphased
1	392	39	57	2	1.1875	1.1875	1	unphased
1	393	33	53	2	1.23255813953488	1.23255813953488	1	unphased
1	394	26	50	2	1.31578947368421	1.31578947368421	1	unphased
1	395	50	45	2	0.947368421052632	0.947368421052632	1	unphased
1	396	50	49	2	0.98989898989899	0.98989898989899	1	unphased
1	397	58	52	2	0.945454545454545	0.945454545454545	1	unphased
1	398	65	44	2	0.807339449541284	0.807339449541284	1	unphased
1	399	59	53	2	0.946428571428571	0.946428571428571	1	unphased
1	400	56	50	2	0.943396226415094	0.943396226415094	1	unphased
1	401	97	0	2	0	0	1	unphased
1	402	96	0	2	0	0	1	unphased
1	403	103	0	2	0	0	1	unphased
1	404	104	0	2	0	0	1	unphased
1	405	113	0	2	0	0	1	unphased
1	406	97	0	2	0	0	1	unphased
1	407	85	0	2	0	0	1	unphased
1	408	89	0	2	0	0	1	unphased
1	409	91	0	2	0	0	1	unphased
1	410	106	0	2	0	0	1	unphased
1	411	127	0	2	0	0	1	unphased
1	412	113	0	2	0	0	1	unphased
1	413	96	0	2	0	0	1	unphased
1	414	111	0	2	0	0	1	unphased
1	415	113	0	2	0	0	1	unphased
1	416	95	0	2	0	0	1	unphased
1	417	82	0	2	0	0	1	unphased
1	418	93	0	2	0	0	1	unphased
1	419	104	0	2	0	0	1	unphased
1	420	98	0	2	0	0	1	unphased
1	421	94	0	2	0	0	1	unphased
1	422	111	0	2	0	0	1	unphased
1	423	94	0	2	0	0	1	unphased
1	424	113	0	2	0	0	1	unphased
1	425	92	0	2	0	0	1	unphased
1	426	101	0	2	0	0	1	unphased
1	427	84	0	2	0	0	1	unphased
1	428	104	0	2	0	0	1	unphased
1	429	89	0	2	0	0	1	unphased
1	430	104	0	2	0	0	1	unphased
1	431	95	0	2	0	0	1	unphased
1	432	102	0	2	0	0	1	unphased
1	433	96	0	2	0	0	1	unphased
1	434	100	0	2	0	0	1	unphased
1	435	97	0	2	0	0	1	unphased
1	436	108	0	2	0	0	1	unphased
1	437	120	0	2	0	0	1	unphased
1	438	106	0	2	0	0	1	unphased
1	439	93	0	2	0	0	1	unphased
1	440	94	0	2	0	0	1	unphased
1	441	112	0	2	0	0	1	unphased
1	442	107	0	2	0	0	1	unphased
1	443	95	0	2	0	0	1	unphased
1	444	91	0	2	0	0	1	unphased
1	445	101	0	2	0	0	1	unphased
1	446	80	0	2	0	0	1	unphased
1	447	102	0	2	0	0	1	unphased
1	448	93	0	2	0	0	1	unphased
1	449	111	0	2	0	0	1	unphased
1	450	103	0	2	0	0	1	unphased
1	451	86	0	2	0	0	1	unphased
1	452	90	0	2	0	0	1	unphased
1	453	100	0	2	0	0	1	unphased
1	454	89	0	2	0	0	1	unphased
1	455	92	0	2	0	0	1	unphased
1	456	90	0	2	0	0	1	unphased
1	457	98	0	2	0	0	1	unphased
1	458	104	0	2	0	0	1	unphased
1	459	113	0	2	0	0	1	unphased
1	460	117	0	2	0	0	1	unphased
1	461	95	0	2	0	0	1	unphased
1	462	92	0	2	0	0	1	unphased
1	463	93	0	2	0	0	1	unphased
1	464	102	0	2	0	0	1	unphased
1	465	102	0	2	0	0	1	unphased
1	466	95	0	2	0	0	1	unphased
1	467	99	0	2	0	0	1	unphased
1	468	88	0	2	0	0	1	unphased
1	469	111	0	2	0	0	1	unphased
1	470	114	0	2	0	0	1	unphased
1	471	111	0	2	0	0	1	unphased
1	472	95	0	2	0	0	1	unphased
1	473	97	0	2	0	0	1	unphased
1	474	80	0	2	0	0	1	unphased
1	475	90	0	2	0	0	1	unphased
1	476	93	0	2	0	0	1	unphased
1	477	106	0	2	0	0	1	unphased
1	478	84	0	2	0	0	1	unphased
1	479	97	0	2	0	0	1	unphased
1	480	103	0	2	0	0	1	unphased
1	481	89	0	2	0	0	1	unphased
1	482	113	0	2	0	0	1	unphased
1	483	87	0	2	0	0	1	unphased
1	484	117	0	2	0	0	1	unphased
1	485	94	0	2	0	0	1	unphased
1	486	114	0	2	0	0	1	unphased
1	487	109	0	2	0	0	1	unphased
1	488	95	0	2	0	0	1	unphased
1	489	103	0	2	0	0	1	unphased
1	490	99	0	2	0	0	1	unphased
1	491	97	0	2	0	0	1	unphased
1	492	114	0	2	0	0	1	unphased
1	493	98	0	2	0	0	1	unphased
1	494	122	0	2	0	0	1	unphased
1	495	98	0	2	0	0	1	unphased
1	496	79	0	2	0	0	1	unphased
1	497	84	0	2	0	0	1	unphased
1	498	104	0	2	0	0	1	unphased
1	499	94	0	2	0	0	1	unphased
1	500	98	0	2	0	0	1	unphased
1	501	97	0	2	0	0	1	unphased
1	502	103	0	2	0	0	1	unphased
1	503	94	0	2	0	0	1	unphased
1	504	111	0	2	0	0	1	unphased
1	505	102	0	2	0	0	1	unphased
1	506	99	0	2	0	0	1	unphased
1	507	87	0	2	0	0	1	unphased
1	508	95	0	2	0	0	1	unphased
1	509	85	0	2	0	0	1	unphased
1	510	113	0	2	0	0	1	unphased
1	511	103	0	2	0	0	1	unphased
1	512	96	0	2	0	0	1	unphased
1	513	107	0	2	0	0	1	unphased
1	514	101	0	2	0	0	1	unphased
1	515	92	0	2	0	0	1	unphased
1	516	86	0	2	0	0	1	unphased
1	517	88	0	2	0	0	1	unphased
1	518	105	0	2	0	0	1	unphased
1	519	103	0	2	0	0	1	unphased
1	520	88	0	2	0	0	1	unphased
1	521	113	0	2	0	0	1	unphased
1	522	106	0	2	0	0	1	unphased
1	523	110	0	2	0	0	1	unphased
1	524	100	0	2	0	0	1	unphased
1	525	95	0	2	0	0	1	unphased
1	526	103	0	2	0	0	1	unphased
1	527	104	0	2	0	0	1	unphased
1	528	101	0	2	0	0	1	unphased
1	529	104	0	2	0	0	1	unphased
1	530	101	0	2	0	0	1	unphased
1	531	93	0	2	0	0	1	unphased
1	532	87	0	2	0	0	1	unphased
1	533	98	0	2	0	0	1	unphased
1	534	99	0	2	0	0	1	unphased
1	535	94	0	2	0	0	1	unphased
1	536	132	0	2	0	0	1	unphased
1	537	105	0	2	0	0	1	unphased
1	538	106	0	2	0	0	1	unphased
1	539	111	0	2	0	0	1	unphased
1	540	121	0	2	0	0	1	unphased
1	541	101	0	2	0	0	1	unphased
1	542	116	0	2	0	0	1	unphased
1	543	99	0	2	0	0	1	unphased
1	544	97	0	2	0	0	1	unphased
1	545	104	0	2	0	0	1	unphased
1	546	103	0	2	0	0	1	unphased
1	547	96	0	2	0	0	1	unphased
1	548	101	0	2	0	0	1	unphased
1	549	97	0	2	0	0	1	unphased
1	550	107	0	2	0	0	1	unphased
1	551	89	0	2	0	0	1	unphased
1	552	102	0	2	0	0	1	unphased
1	553	85	0	2	0	0	1	unphased
1	554	97	0	2	0	0	1	unphased
1	555	133	0	2	0	0	1	unphased
1	556	88	0	2	0	0	1	unphased
1	557	109	0	2	0	0	1	unphased
1	558	97	0	2	0	0	1	unphased
1	559	102	0	2	0	0	1	unphased
1	560	96	0	2	0	0	1	unphased
1	561	99	0	2	0	0	1	unphased
1	562	117	0	2	0	0	1	unphased
1	563	92	0	2	0	0	1	unphased
1	564	110	0	2	0	0	1	unphased
1	565	87	0	2	0	0	1	unphased
1	566	94	0	2	0	0	1	unphased
1	567	76	0	2	0	0	1	unphased
1	568	107	0	2	0	0	1	unphased
1	569	84	0	2	0	0	1	unphased
1	570	110	0	2	0	0	1	unphased
1	571	89	0	2	0	0	1	unphased
1	572	107	0	2	0	0	1	unphased
1	573	106	0	2	0	0	1	unphased
1	574	118	0	2	0	0	1	unphased
1	575	105	0	2	0	0	1	unphased
1	576	99	0	2	0	0	1	unphased
1	577	105	0	2	0	0	1	unphased
1	578	99	0	2	0	0	1	unphased
1	579	115	0	2	0	0	1	unphased
1	580	91	0	2	0	0	1	unphased
1	581	107	0	2	0	0	1	unphased
1	582	99	0	2	0	0	1	unphased
1	583	110	0	2	0	0	1	unphased
1	584	107	0	2	0	0	1	unphased
1	585	104	0	2	0	0	1	unphased
1	586	100	0	2	0	0	1	unphased
1	587	113	0	2	0	0	1	unphased
1	588	98	0	2	0	0	1	unphased
1	589	105	0	2	0	0	1	unphased
1	590	103	0	2	0	0	1	unphased
1	591	101	0	2	0	0	1	unphased
1	592	100	0	2	0	0	1	unphased
1	593	109	0	2	0	0	1	unphased
1	594	91	0	2	0	0	1	unphased
1	595	110	0	2	0	0	1	unphased
1	596	85	0	2	0	0	1	unphased
1	597	85	0	2	0	0	1	unphased
1	598	108	0	2	0	0	1	unphased
1	599	108	0	2	0	0	1	unphased
1	600	106	0	2	0	0	1	unphased
1	601	105	0	2	0	0	1	unphased
1	602	95	0	2	0	0	1	unphased
1	603	114	0	2	0	0	1	unphased
1	604	114	0	2	0	0	1	unphased
1	605	99	0	2	0	0	1	unphased
1	606	94	0	2	0	0	1	unphased
1	607	108	0	2	0	0	1	unphased
1	608	90	0	2	0	0	1	unphased
1	609	103	0	2	0	0	1	unphased
1	610	104	0	2	0	0	1	unphased
1	611	100	0	2	0	0	1	unphased
1	612	90	0	2	0	0	1	unphased
1	613	90	0	2	0	0	1	unphased
1	614	101	0	2	0	0	1	unphased
1	615	106	0	2	0	0	1	unphased
1	616	122	0	2	0	0	1	unphased
1	617	103	0	2	0	0	1	unphased
1	618	93	0	2	0	0	1	unphased
1	619	110	0	2	0	0	1	unphased
1	620	100	0	2	0	0	1	unphased
1	621	110	0	2	0	0	1	unphased
1	622	84	0	2	0	0	1	unphased
1	623	102	0	2	0	0	1	unphased
1	624	98	0	2	0	0	1	unphased
1	625	112	0	2	0	0	1	unphased
1	626	95	0	2	0	0	1	unphased
1	627	98	0	2	0	0	1	unphased
1	628	89	0	2	0	0	1	unphased
1	629	84	0	2	0	0	1	unphased
1	630	94	0	2	0	0	1	unphased
1	631	93	0	2	0	0	1	unphased
1	632	97	0	2	0	0	1	unphased
1	633	110	0	2	0	0	1	unphased
1	634	106	0	2	0	0	1	unphased
1	635	110	0	2	0	0	1	unphased
1	636	94	0	2	0	0	1	unphased
1	637	99	0	2	0	0	1	unphased
1	638	93	0	2	0	0	1	unphased
1	639	98	0	2	0	0	1	unphased
1	640	89	0	2	0	0	1	unphased
1	641	116	0	2	0	0	1	unphased
1	642	95	0	2	0	0	1	unphased
1	643	117	0	2	0	0	1	unphased
1	644	117	0	2	0	0	1	unphased
1	645	101	0	2	0	0	1	unphased
1	646	99	0	2	0	0	1	unphased
1	647	109	0	2	0	0	1	unphased
1	648	92	0	2	0	0	1	unphased
1	649	81	0	2	0	0	1	unphased
1	650	102	0	2	0	0	1	unphased
1	651	103	0	2	0	0	1	unphased
1	652	112	0	2	0	0	1	unphased
1	653	89	0	2	0	0	1	unphased
1	654	107	0	2	0	0	1	unphased
1	655	111	0	2	0	0	1	unphased
1	656	94	0	2	0	0	1	unphased
1	657	90	0	2	0	0	1	unphased
1	658	100	0	2	0	0	1	unphased
1	659	101	0	2	0	0	1	unphased
1	660	102	0	2	0	0	1	unphased
1	661	98	0	2	0	0	1	unphased
1	662	101	0	2	0	0	1	unphased
1	663	94	0	2	0	0	1	unphased
1	664	110	0	2	0	0	1	unphased
1	665	92	0	2	0	0	1	unphased
1	666	96	0	2	0	0	1	unphased
1	667	84	0	2	0	0	1	unphased
1	668	117	0	2	0	0	1	unphased
1	669	102	0	2	0	0	1	unphased
1	670	99	0	2	0	0	1	unphased
1	671	84	0	2	0	0	1	unphased
1	672	97	0	2	0	0	1	unphased
1	673	100	0	2	0	0	1	unphased
1	674	103	0	2	0	0	1	unphased
1	675	99	0	2	0	0	1	unphased
1	676	101	0	2	0	0	1	unphased
1	677	98	0	2	0	0	1	unphased
1	678	105	0	2	0	0	1	unphased
1	679	104	0	2	0	0	1	unphased
1	680	92	0	2	0	0	1	unphased
1	681	97	0	2	0	0	1	unphased
1	682	97	0	2	0	0	1	unphased
1	683	99	0	2	0	0	1	unphased
1	684	98	0	2	0	0	1	unphased
1	685	101	0	2	0	0	1	unphased
1	686	88	0	2	0	0	1	unphased
1	687	104	0	2	0	0	1	unphased
1	688	75	0	2	0	0	1	unphased
1	689	98	0	2	0	0	1	unphased
1	690	80	0	2	0	0	1	unphased
1	691	100	0	2	0	0	1	unphased
1	692	96	0	2	0	0	1	unphased
1	693	104	0	2	0	0	1	unphased
1	694	74	0	2	0	0	1	unphased
1	695	96	0	2	0	0	1	unphased
1	696	107	0	2	0	0	1	unphased
1	697	109	0	2	0	0	1	unphased
1	698	102	0	2	0	0	1	unphased
1	699	103	0	2	0	0	1	unphased
1	700	109	0	2	0	0	1	unphased
1	701	86	0	2	0	0	1	unphased
1	702	108	0	2	0	0	1	unphased
1	703	79	0	2	0	0	1	unphased
1	704	98	0	2	0	0	1	unphased
1	705	95	0	2	0	0	1	unphased
1	706	97	0	2	0	0	1	unphased
1	707	98	0	2	0	0	1	unphased
1	708	113	0	2	0	0	1	unphased
1	709	124	0	2	0	0	1	unphased
1	710	112	0	2	0	0	1	unphased
1	711	102	0	2	0	0	1	unphased
1	712	95	0	2	0	0	1	unphased
1	713	98	0	2	0	0	1	unphased
1	714	96	0	2	0	0	1	unphased
1	715	108	0	2	0	0	1	unphased
1	716	113	0	2	0	0	1	unphased
1	717	86	0	2	0	0	1	unphased
1	718	83	0	2	0	0	1	unphased
1	719	93	0	2	0	0	1	unphased
1	720	110	0	2	0	0	1	unphased
1	721	109	0	2	0	0	1	unphased
1	722	98	0	2	0	0	1	unphased
1	723	102	0	2	0	0	1	unphased
1	724	102	0	2	0	0	1	unphased
1	725	107	0	2	0	0	1	unphased
1	726	95	0	2	0	0	1	unphased
1	727	99	0	2	0	0	1	unphased
1	728	99	0	2	0	0	1	unphased
1	729	117	0	2	0	0	1	unphased
1	730	84	0	2	0	0	1	unphased
1	731	93	0	2	0	0	1	unphased
1	732	108	0	2	0	0	1	unphased
1	733	94	0	2	0	0	1	unphased
1	734	80	0	2	0	0	1	unphased
1	735	108	0	2	0	0	1	unphased
1	736	80	0	2	0	0	1	unphased
1	737	121	0	2	0	0	1	unphased
1	738	112	0	2	0	0	1	unphased
1	739	86	0	2	0	0	1	unphased
1	740	102	0	2	0	0	1	unphased
1	741	115	0	2	0	0	1	unphased
1	742	103	0	2	0	0	1	unphased
1	743	111	0	2	0	0	1	unphased
1	744	98	0	2	0	0	1	unphased
1	745	92	0	2	0	0	1	unphased
1	746	93	0	2	0	0	1	unphased
1	747	87	0	2	0	0	1	unphased
1	748	110	0	2	0	0	1	unphased
1	749	100	0	2	0	0	1	unphased
1	750	107	0	2	0	0	1	unphased
1	751	127	0	2	0	0	1	unphased
1	752	100	0	2	0	0	1	unphased
1	753	121	0	2	0	0	1	unphased
1	754	111	0	2	0	0	1	unphased
1	755	106	0	2	0	0	1	unphased
1	756	98	0	2	0	0	1	unphased
1	757	101	0	2	0	0	1	unphased
1	758	107	0	2	0	0	1	unphased
1	759	77	0	2	0	0	1	unphased
1	760	116	0	2	0	0	1	unphased
1	761	85	0	2	0	0	1	unphased
1	762	121	0	2	0	0	1	unphased
1	763	106	0	2	0	0	1	unphased
1	764	86	0	2	0	0	1	unphased
1	765	88	0	2	0	0	1	unphased
1	766	130	0	2	0	0	1	unphased
1	767	104	0	2	0	0	1	unphased
1	768	111	0	2	0	0	1	unphased
1	769	84	0	2	0	0	1	unphased
1	770	95	0	2	0	0	1	unphased
1	771	105	0	2	0	0	1	unphased
1	772	80	0	2	0	0	1	unphased
1	773	112	0	2	0	0	1	unphased
1	774	107	0	2	0	0	1	unphased
1	775	86	0	2	0	0	1	unphased
1	776	93	0	2	0	0	1	unphased
1	777	119	0	2	0	0	1	unphased
1	778	114	0	2	0	0	1	unphased
1	779	113	0	2	0	0	1	unphased
1	780	91	0	2	0	0	1	unphased
1	781	112	0	2	0	0	1	unphased
1	782	99	0	2	0	0	1	unphased
1	783	113	0	2	0	0	1	unphased
1	784	82	0	2	0	0	1	unphased
1	785	80	0	2	0	0	1	unphased
1	786	88	0	2	0	0	1	unphased
1	787	113	0	2	0	0	1	unphased
1	788	99	0	2	0	0	1	unphased
1	789	111	0	2	0	0	1	unphased
1	790	91	0	2	0	0	1	unphased
1	791	111	0	2	0	0	1	unphased
1	792	85	0	2	0	0	1	unphased
1	793	97	0	2	0	0	1	unphased
1	794	105	0	2	0	0	1	unphased
1	795	118	0	2	0	0	1	unphased
1	796	97	0	2	0	0	1	unphased
1	797	105	0	2	0	0	1	unphased
1	798	95	0	2	0	0	1	unphased
1	799	94	0	2	0	0	1	unphased
1	800	101	0	2	0	0	1	unphased
1	801	105	0	2	0	0	1	unphased
1	802	118	0	2	0	0	1	unphased
1	803	117	0	2	0	0	1	unphased
1	804	84	0	2	0	0	1	unphased
1	805	106	0	2	0	0	1	unphased
1	806	105	0	2	0	0	1	unphased
1	807	94	0	2	0	0	1	unphased
1	808	102	0	2	0	0	1	unphased
1	809	102	0	2	0	0	1	unphased
1	810	88	0	2	0	0	1	unphased
1	811	120	0	2	0	0	1	unphased
1	812	94	0	2	0	0	1	unphased
1	813	77	0	2	0	0	1	unphased
1	814	96	0	2	0	0	1	unphased
1	815	90	0	2	0	0	1	unphased
1	816	90	0	2	0	0	1	unphased
1	817	122	0	2	0	0	1	unphased
1	818	94	0	2	0	0	1	unphased
1	819	100	0	2	0	0	1	unphased
1	820	94	0	2	0	0	1	unphased
1	821	100	0	2	0	0	1	unphased
1	822	103	0	2	0	0	1	unphased
1	823	93	0	2	0	0	1	unphased
1	824	99	0	2	0	0	1	unphased
1	825	90	0	2	0	0	1	unphased
1	826	99	0	2	0	0	1	unphased
1	827	98	0	2	0	0	1	unphased
1	828	93	0	2	0	0	1	unphased
1	829	118	0	2	0	0	1	unphased
1	830	101	0	2	0	0	1	unphased
1	831	108	0	2	0	0	1	unphased
1	832	105	0	2	0	0	1	unphased
1	833	107	0	2	0	0	1	unphased
1	834	106	0	2	0	0	1	unphased
1	835	83	0	2	0	0	1	unphased
1	836	95	0	2	0	0	1	unphased
1	837	94	0	2	0	0	1	unphased
1	838	98	0	2	0	0	1	unphased
1	839	107	0	2	0	0	1	unphased
1	840	101	0	2	0	0	1	unphased
1	841	107	0	2	0	0	1	unphased
1	842	109	0	2	0	0	1	unphased
1	843	106	0	2	0	0	1	unphased
1	844	107	0	2	0	0	1	unphased
1	845	102	0	2	0	0	1	unphased
1	846	120	0	2	0	0	1	unphased
1	847	98	0	2	0	0	1	unphased
1	848	93	0	2	0	0	1	unphased
1	849	112	0	2	0	0	1	unphased
1	850	106	0	2	0	0	1	unphased
1	851	109	0	2	0	0	1	unphased
1	852	97	0	2	0	0	1	unphased
1	853	106	0	2	0	0	1	unphased
1	854	100	0	2	0	0	1	unphased
1	855	98	0	2	0	0	1	unphased
1	856	101	0	2	0	0	1	unphased
1	857	103	0	2	0	0	1	unphased
1	858	91	0	2	0	0	1	unphased
1	859	90	0	2	0	0	1	unphased
1	860	116	0	2	0	0	1	unphased
1	861	107	0	2	0	0	1	unphased
1	862	112	0	2	0	0	1	unphased
1	863	98	0	2	0	0	1	unphased
1	864	83	0	2	0	0	1	unphased
1	865	80	0	2	0	0	1	unphased
1	866	117	0	2	0	0	1	unphased
1	867	91	0	2	0	0	1	unphased
1	868	99	0	2	0	0	1	unphased
1	869	81	0	2	0	0	1	unphased
1	870	111	0	2	0	0	1	unphased
1	871	98	0	2	0	0	1	unphased
1	872	102	0	2	0	0	1	unphased
1	873	119	0	2	0	0	1	unphased
1	874	98	0	2	0	0	1	unphased
1	875	118	0	2	0	0	1	unphased
1	876	88	0	2	0	0	1	unphased
1	877	89	0	2	0	0	1	unphased
1	878	94	0	2	0	0	1	unphased
1	879	116	0	2	0	0	1	unphased
1	880	119	0	2	0	0	1	unphased
1	881	93	0	2	0	0	1	unphased
1	882	111	0	2	0	0	1	unphased
1	883	108	0	2	0	0	1	unphased
1	884	80	0	2	0	0	1	unphased
1	885	104	0	2	0	0	1	unphased
1	886	87	0	2	0	0	1	unphased
1	887	102	0	2	0	0	1	unphased
1	888	112	0	2	0	0	1	unphased
1	889	94	0	2	0	0	1	unphased
1	890	101	0	2	0	0	1	unphased
1	891	105	0	2	0	0	1	unphased
1	892	90	0	2	0	0	1	unphased
1	893	97	0	2	0	0	1	unphased
1	894	128	0	2	0	0	1	unphased
1	895	95	0	2	0	0	1	unphased
1	896	101	0	2	0	0	1	unphased
1	897	104	0	2	0	0	1	unphased
1	898	99	0	2	0	0	1	unphased
1	899	87	0	2	0	0	1	unphased
1	900	90	0	2	0	0	1	unphased
