chr	end	WT.count	mut.count	subclonal.CN	mutation.copy.number	subclonal.fraction	no.chrs.bearing.mut	phase
1	1	42	55	2	1.1340206185567	1.1340206185567	1	unphased
1	2	61	48	2	0.880733944954128	0.880733944954128	1	unphased
1	3	65	50	2	0.869565217391304	0.869565217391304	1	unphased
1	4	56	49	2	0.933333333333333	0.933333333333333	1	unphased
1	5	63	45	2	0.833333333333333	0.833333333333333	1	unphased
1	6	80	44	2	0.709677419354839	0.709677419354839	1	unphased
1	7	56	51	2	0.953271028037383	0.953271028037383	1	unphased
1	8	61	48	2	0.880733944954128	0.880733944954128	1	unphased
1	9	40	48	2	1.09090909090909	1.09090909090909	1	unphased
1	10	42	62	2	1.19230769230769	1.19230769230769	1	unphased
1	11	56	50	2	0.943396226415094	0.943396226415094	1	unphased
1	12	58	43	2	0.851485148514851	0.851485148514851	1	unphased
1	13	49	58	2	1.08411214953271	1.08411214953271	1	unphased
1	14	55	46	2	0.910891089108911	0.910891089108911	1	unphased
1	15	43	50	2	1.0752688172043	1.0752688172043	1	unphased
1	16	75	44	2	0.739495798319328	0.739495798319328	1	unphased
1	17	52	51	2	0.990291262135922	0.990291262135922	1	unphased
1	18	64	36	2	0.72	0.72	1	unphased
1	19	61	47	2	0.87037037037037	0.87037037037037	1	unphased
1	20	50	52	2	1.01960784313725	1.01960784313725	1	unphased
1	21	48	54	2	1.05882352941176	1.05882352941176	1	unphased
1	22	29	54	2	1.30120481927711	1.30120481927711	1	unphased
1	23	53	52	2	0.99047619047619	0.99047619047619	1	unphased
1	24	71	52	2	0.845528455284553	0.845528455284553	1	unphased
1	25	56	55	2	0.990990990990991	0.990990990990991	1	unphased
1	26	53	55	2	1.01851851851852	1.01851851851852	1	unphased
1	27	28	64	2	1.39130434782609	1.39130434782609	1	unphased
1	28	42	57	2	1.15151515151515	1.15151515151515	1	unphased
1	29	49	52	2	1.02970297029703	1.02970297029703	1	unphased
1	30	42	50	2	1.08695652173913	1.08695652173913	1	unphased
1	31	42	49	2	1.07692307692308	1.07692307692308	1	unphased
1	32	43	48	2	1.05494505494505	1.05494505494505	1	unphased
1	33	60	44	2	0.846153846153846	0.846153846153846	1	unphased
1	34	56	52	2	0.962962962962963	0.962962962962963	1	unphased
1	35	50	49	2	0.98989898989899	0.98989898989899	1	unphased
1	36	64	42	2	0.792452830188679	0.792452830188679	1	unphased
1	37	46	52	2	1.06122448979592	1.06122448979592	1	unphased
1	38	49	54	2	1.04854368932039	1.04854368932039	1	unphased
1	39	66	51	2	0.871794871794872	0.871794871794872	1	unphased
1	40	44	54	2	1.10204081632653	1.10204081632653	1	unphased
1	41	53	47	2	0.94	0.94	1	unphased
1	42	64	49	2	0.867256637168142	0.867256637168142	1	unphased
1	43	47	55	2	1.07843137254902	1.07843137254902	1	unphased
1	44	41	55	2	1.14583333333333	1.14583333333333	1	unphased
1	45	65	44	2	0.807339449541284	0.807339449541284	1	unphased
1	46	49	57	2	1.07547169811321	1.07547169811321	1	unphased
1	47	31	65	2	1.35416666666667	1.35416666666667	1	unphased
1	48	35	59	2	1.25531914893617	1.25531914893617	1	unphased
1	49	39	60	2	1.21212121212121	1.21212121212121	1	unphased
1	50	54	47	2	0.930693069306931	0.930693069306931	1	unphased
1	51	61	48	2	0.880733944954128	0.880733944954128	1	unphased
1	52	48	49	2	1.01030927835052	1.01030927835052	1	unphased
1	53	41	50	2	1.0989010989011	1.0989010989011	1	unphased
1	54	55	46	2	0.910891089108911	0.910891089108911	1	unphased
1	55	43	46	2	1.03370786516854	1.03370786516854	1	unphased
1	56	40	48	2	1.09090909090909	1.09090909090909	1	unphased
1	57	43	51	2	1.08510638297872	1.08510638297872	1	unphased
1	58	35	53	2	1.20454545454545	1.20454545454545	1	unphased
1	59	52	54	2	1.0188679245283	1.0188679245283	1	unphased
1	60	48	47	2	0.989473684210526	0.989473684210526	1	unphased
1	61	54	46	2	0.92	0.92	1	unphased
1	62	40	48	2	1.09090909090909	1.09090909090909	1	unphased
1	63	38	51	2	1.14606741573034	1.14606741573034	1	unphased
1	64	53	57	2	1.03636363636364	1.03636363636364	1	unphased
1	65	60	38	2	0.775510204081633	0.775510204081633	1	unphased
1	66	38	55	2	1.18279569892473	1.18279569892473	1	unphased
1	67	45	48	2	1.03225806451613	1.03225806451613	1	unphased
1	68	54	53	2	0.990654205607477	0.990654205607477	1	unphased
1	69	37	52	2	1.1685393258427	1.1685393258427	1	unphased
1	70	49	47	2	0.979166666666667	0.979166666666667	1	unphased
1	71	42	56	2	1.14285714285714	1.14285714285714	1	unphased
1	72	60	49	2	0.89908256880734	0.89908256880734	1	unphased
1	73	30	57	2	1.31034482758621	1.31034482758621	1	unphased
1	74	53	53	2	1	1	1	unphased
1	75	48	50	2	1.02040816326531	1.02040816326531	1	unphased
1	76	42	56	2	1.14285714285714	1.14285714285714	1	unphased
1	77	38	52	2	1.15555555555556	1.15555555555556	1	unphased
1	78	44	55	2	1.11111111111111	1.11111111111111	1	unphased
1	79	60	52	2	0.928571428571429	0.928571428571429	1	unphased
1	80	56	52	2	0.962962962962963	0.962962962962963	1	unphased
1	81	77	52	2	0.806201550387597	0.806201550387597	1	unphased
1	82	74	46	2	0.766666666666667	0.766666666666667	1	unphased
1	83	48	52	2	1.04	1.04	1	unphased
1	84	62	49	2	0.882882882882883	0.882882882882883	1	unphased
1	85	52	52	2	1	1	1	unphased
1	86	45	47	2	1.02173913043478	1.02173913043478	1	unphased
1	87	48	50	2	1.02040816326531	1.02040816326531	1	unphased
1	88	50	47	2	0.969072164948454	0.969072164948454	1	unphased
1	89	54	57	2	1.02702702702703	1.02702702702703	1	unphased
1	90	37	46	2	1.10843373493976	1.10843373493976	1	unphased
1	91	48	48	2	1	1	1	unphased
1	92	51	57	2	1.05555555555556	1.05555555555556	1	unphased
1	93	51	56	2	1.04672897196262	1.04672897196262	1	unphased
1	94	53	47	2	0.94	0.94	1	unphased
1	95	33	55	2	1.25	1.25	1	unphased
1	96	29	48	2	1.24675324675325	1.24675324675325	1	unphased
1	97	51	50	2	0.99009900990099	0.99009900990099	1	unphased
1	98	54	44	2	0.897959183673469	0.897959183673469	1	unphased
1	99	39	54	2	1.16129032258065	1.16129032258065	1	unphased
1	100	44	53	2	1.09278350515464	1.09278350515464	1	unphased
1	101	47	49	2	1.02083333333333	1.02083333333333	1	unphased
1	102	47	56	2	1.0873786407767	1.0873786407767	1	unphased
1	103	64	45	2	0.825688073394495	0.825688073394495	1	unphased
1	104	58	39	2	0.804123711340206	0.804123711340206	1	unphased
1	105	34	55	2	1.23595505617978	1.23595505617978	1	unphased
1	106	41	55	2	1.14583333333333	1.14583333333333	1	unphased
1	107	50	49	2	0.98989898989899	0.98989898989899	1	unphased
1	108	54	43	2	0.88659793814433	0.88659793814433	1	unphased
1	109	54	51	2	0.971428571428571	0.971428571428571	1	unphased
1	110	44	50	2	1.06382978723404	1.06382978723404	1	unphased
1	111	48	61	2	1.11926605504587	1.11926605504587	1	unphased
1	112	65	40	2	0.761904761904762	0.761904761904762	1	unphased
1	113	56	44	2	0.88	0.88	1	unphased
1	114	44	45	2	1.01123595505618	1.01123595505618	1	unphased
1	115	37	49	2	1.13953488372093	1.13953488372093	1	unphased
1	116	65	46	2	0.828828828828829	0.828828828828829	1	unphased
1	117	42	50	2	1.08695652173913	1.08695652173913	1	unphased
1	118	47	46	2	0.989247311827957	0.989247311827957	1	unphased
1	119	59	51	2	0.927272727272727	0.927272727272727	1	unphased
1	120	57	48	2	0.914285714285714	0.914285714285714	1	unphased
1	121	48	52	2	1.04	1.04	1	unphased
1	122	54	53	2	0.990654205607477	0.990654205607477	1	unphased
1	123	49	63	2	1.125	1.125	1	unphased
1	124	44	45	2	1.01123595505618	1.01123595505618	1	unphased
1	125	63	44	2	0.822429906542056	0.822429906542056	1	unphased
1	126	37	52	2	1.1685393258427	1.1685393258427	1	unphased
1	127	71	41	2	0.732142857142857	0.732142857142857	1	unphased
1	128	44	58	2	1.13725490196078	1.13725490196078	1	unphased
1	129	61	49	2	0.890909090909091	0.890909090909091	1	unphased
1	130	61	47	2	0.87037037037037	0.87037037037037	1	unphased
1	131	47	52	2	1.05050505050505	1.05050505050505	1	unphased
1	132	38	48	2	1.11627906976744	1.11627906976744	1	unphased
1	133	44	54	2	1.10204081632653	1.10204081632653	1	unphased
1	134	33	55	2	1.25	1.25	1	unphased
1	135	58	51	2	0.935779816513762	0.935779816513762	1	unphased
1	136	58	49	2	0.91588785046729	0.91588785046729	1	unphased
1	137	39	50	2	1.12359550561798	1.12359550561798	1	unphased
1	138	47	51	2	1.04081632653061	1.04081632653061	1	unphased
1	139	48	45	2	0.967741935483871	0.967741935483871	1	unphased
1	140	70	50	2	0.833333333333333	0.833333333333333	1	unphased
1	141	66	48	2	0.842105263157895	0.842105263157895	1	unphased
1	142	36	57	2	1.2258064516129	1.2258064516129	1	unphased
1	143	62	44	2	0.830188679245283	0.830188679245283	1	unphased
1	144	58	51	2	0.935779816513762	0.935779816513762	1	unphased
1	145	60	45	2	0.857142857142857	0.857142857142857	1	unphased
1	146	69	41	2	0.745454545454545	0.745454545454545	1	unphased
1	147	56	39	2	0.821052631578947	0.821052631578947	1	unphased
1	148	55	44	2	0.888888888888889	0.888888888888889	1	unphased
1	149	42	50	2	1.08695652173913	1.08695652173913	1	unphased
1	150	70	42	2	0.75	0.75	1	unphased
1	151	61	39	2	0.78	0.78	1	unphased
1	152	63	50	2	0.884955752212389	0.884955752212389	1	unphased
1	153	36	55	2	1.20879120879121	1.20879120879121	1	unphased
1	154	61	47	2	0.87037037037037	0.87037037037037	1	unphased
1	155	53	49	2	0.96078431372549	0.96078431372549	1	unphased
1	156	57	52	2	0.954128440366973	0.954128440366973	1	unphased
1	157	42	47	2	1.0561797752809	1.0561797752809	1	unphased
1	158	73	43	2	0.741379310344828	0.741379310344828	1	unphased
1	159	66	54	2	0.9	0.9	1	unphased
1	160	41	56	2	1.15463917525773	1.15463917525773	1	unphased
1	161	64	46	2	0.836363636363636	0.836363636363636	1	unphased
1	162	44	47	2	1.03296703296703	1.03296703296703	1	unphased
1	163	46	48	2	1.02127659574468	1.02127659574468	1	unphased
1	164	46	49	2	1.03157894736842	1.03157894736842	1	unphased
1	165	58	51	2	0.935779816513762	0.935779816513762	1	unphased
1	166	26	59	2	1.38823529411765	1.38823529411765	1	unphased
1	167	42	51	2	1.09677419354839	1.09677419354839	1	unphased
1	168	54	47	2	0.930693069306931	0.930693069306931	1	unphased
1	169	44	50	2	1.06382978723404	1.06382978723404	1	unphased
1	170	54	54	2	1	1	1	unphased
1	171	41	49	2	1.08888888888889	1.08888888888889	1	unphased
1	172	53	46	2	0.929292929292929	0.929292929292929	1	unphased
1	173	49	50	2	1.01010101010101	1.01010101010101	1	unphased
1	174	45	54	2	1.09090909090909	1.09090909090909	1	unphased
1	175	57	48	2	0.914285714285714	0.914285714285714	1	unphased
1	176	53	45	2	0.918367346938776	0.918367346938776	1	unphased
1	177	42	59	2	1.16831683168317	1.16831683168317	1	unphased
1	178	55	45	2	0.9	0.9	1	unphased
1	179	61	48	2	0.880733944954128	0.880733944954128	1	unphased
1	180	46	57	2	1.10679611650485	1.10679611650485	1	unphased
1	181	51	48	2	0.96969696969697	0.96969696969697	1	unphased
1	182	54	50	2	0.961538461538462	0.961538461538462	1	unphased
1	183	45	49	2	1.04255319148936	1.04255319148936	1	unphased
1	184	37	54	2	1.18681318681319	1.18681318681319	1	unphased
1	185	55	49	2	0.942307692307692	0.942307692307692	1	unphased
1	186	37	46	2	1.10843373493976	1.10843373493976	1	unphased
1	187	72	44	2	0.758620689655172	0.758620689655172	1	unphased
1	188	53	56	2	1.02752293577982	1.02752293577982	1	unphased
1	189	44	46	2	1.02222222222222	1.02222222222222	1	unphased
1	190	46	45	2	0.989010989010989	0.989010989010989	1	unphased
1	191	52	49	2	0.97029702970297	0.97029702970297	1	unphased
1	192	52	51	2	0.990291262135922	0.990291262135922	1	unphased
1	193	36	59	2	1.24210526315789	1.24210526315789	1	unphased
1	194	59	46	2	0.876190476190476	0.876190476190476	1	unphased
1	195	59	51	2	0.927272727272727	0.927272727272727	1	unphased
1	196	41	51	2	1.10869565217391	1.10869565217391	1	unphased
1	197	54	54	2	1	1	1	unphased
1	198	69	43	2	0.767857142857143	0.767857142857143	1	unphased
1	199	44	61	2	1.16190476190476	1.16190476190476	1	unphased
1	200	56	54	2	0.981818181818182	0.981818181818182	1	unphased
1	201	98	0	2	0	0	1	unphased
1	202	103	0	2	0	0	1	unphased
1	203	82	0	2	0	0	1	unphased
1	204	107	0	2	0	0	1	unphased
1	205	100	0	2	0	0	1	unphased
1	206	95	0	2	0	0	1	unphased
1	207	104	0	2	0	0	1	unphased
1	208	99	0	2	0	0	1	unphased
1	209	95	0	2	0	0	1	unphased
1	210	96	0	2	0	0	1	unphased
1	211	111	0	2	0	0	1	unphased
1	212	107	0	2	0	0	1	unphased
1	213	106	0	2	0	0	1	unphased
1	214	98	0	2	0	0	1	unphased
1	215	92	0	2	0	0	1	unphased
1	216	114	0	2	0	0	1	unphased
1	217	94	0	2	0	0	1	unphased
1	218	81	0	2	0	0	1	unphased
1	219	88	0	2	0	0	1	unphased
1	220	88	0	2	0	0	1	unphased
1	221	106	0	2	0	0	1	unphased
1	222	115	0	2	0	0	1	unphased
1	223	87	0	2	0	0	1	unphased
1	224	90	0	2	0	0	1	unphased
1	225	102	0	2	0	0	1	unphased
1	226	109	0	2	0	0	1	unphased
1	227	95	0	2	0	0	1	unphased
1	228	110	0	2	0	0	1	unphased
1	229	98	0	2	0	0	1	unphased
1	230	97	0	2	0	0	1	unphased
1	231	102	0	2	0	0	1	unphased
1	232	93	0	2	0	0	1	unphased
1	233	97	0	2	0	0	1	unphased
1	234	83	0	2	0	0	1	unphased
1	235	96	0	2	0	0	1	unphased
1	236	115	0	2	0	0	1	unphased
1	237	102	0	2	0	0	1	unphased
1	238	120	0	2	0	0	1	unphased
1	239	99	0	2	0	0	1	unphased
1	240	112	0	2	0	0	1	unphased
1	241	106	0	2	0	0	1	unphased
1	242	84	0	2	0	0	1	unphased
1	243	83	0	2	0	0	1	unphased
1	244	111	0	2	0	0	1	unphased
1	245	104	0	2	0	0	1	unphased
1	246	112	0	2	0	0	1	unphased
1	247	109	0	2	0	0	1	unphased
1	248	104	0	2	0	0	1	unphased
1	249	92	0	2	0	0	1	unphased
1	250	111	0	2	0	0	1	unphased
1	251	116	0	2	0	0	1	unphased
1	252	91	0	2	0	0	1	unphased
1	253	97	0	2	0	0	1	unphased
1	254	105	0	2	0	0	1	unphased
1	255	101	0	2	0	0	1	unphased
1	256	108	0	2	0	0	1	unphased
1	257	97	0	2	0	0	1	unphased
1	258	87	0	2	0	0	1	unphased
1	259	93	0	2	0	0	1	unphased
1	260	104	0	2	0	0	1	unphased
1	261	99	0	2	0	0	1	unphased
1	262	111	0	2	0	0	1	unphased
1	263	111	0	2	0	0	1	unphased
1	264	99	0	2	0	0	1	unphased
1	265	103	0	2	0	0	1	unphased
1	266	88	0	2	0	0	1	unphased
1	267	106	0	2	0	0	1	unphased
1	268	87	0	2	0	0	1	unphased
1	269	100	0	2	0	0	1	unphased
1	270	114	0	2	0	0	1	unphased
1	271	100	0	2	0	0	1	unphased
1	272	101	0	2	0	0	1	unphased
1	273	86	0	2	0	0	1	unphased
1	274	90	0	2	0	0	1	unphased
1	275	98	0	2	0	0	1	unphased
1	276	102	0	2	0	0	1	unphased
1	277	101	0	2	0	0	1	unphased
1	278	105	0	2	0	0	1	unphased
1	279	90	0	2	0	0	1	unphased
1	280	84	0	2	0	0	1	unphased
1	281	105	0	2	0	0	1	unphased
1	282	93	0	2	0	0	1	unphased
1	283	109	0	2	0	0	1	unphased
1	284	100	0	2	0	0	1	unphased
1	285	98	0	2	0	0	1	unphased
1	286	82	0	2	0	0	1	unphased
1	287	112	0	2	0	0	1	unphased
1	288	103	0	2	0	0	1	unphased
1	289	106	0	2	0	0	1	unphased
1	290	105	0	2	0	0	1	unphased
1	291	106	0	2	0	0	1	unphased
1	292	110	0	2	0	0	1	unphased
1	293	99	0	2	0	0	1	unphased
1	294	100	0	2	0	0	1	unphased
1	295	117	0	2	0	0	1	unphased
1	296	110	0	2	0	0	1	unphased
1	297	98	0	2	0	0	1	unphased
1	298	91	0	2	0	0	1	unphased
1	299	101	0	2	0	0	1	unphased
1	300	89	0	2	0	0	1	unphased
1	301	119	0	2	0	0	1	unphased
1	302	102	0	2	0	0	1	unphased
1	303	115	0	2	0	0	1	unphased
1	304	95	0	2	0	0	1	unphased
1	305	100	0	2	0	0	1	unphased
1	306	101	0	2	0	0	1	unphased
1	307	115	0	2	0	0	1	unphased
1	308	106	0	2	0	0	1	unphased
1	309	88	0	2	0	0	1	unphased
1	310	96	0	2	0	0	1	unphased
1	311	112	0	2	0	0	1	unphased
1	312	97	0	2	0	0	1	unphased
1	313	93	0	2	0	0	1	unphased
1	314	116	0	2	0	0	1	unphased
1	315	94	0	2	0	0	1	unphased
1	316	106	0	2	0	0	1	unphased
1	317	89	0	2	0	0	1	unphased
1	318	120	0	2	0	0	1	unphased
1	319	109	0	2	0	0	1	unphased
1	320	99	0	2	0	0	1	unphased
1	321	97	0	2	0	0	1	unphased
1	322	98	0	2	0	0	1	unphased
1	323	98	0	2	0	0	1	unphased
1	324	111	0	2	0	0	1	unphased
1	325	91	0	2	0	0	1	unphased
1	326	107	0	2	0	0	1	unphased
1	327	110	0	2	0	0	1	unphased
1	328	107	0	2	0	0	1	unphased
1	329	81	0	2	0	0	1	unphased
1	330	102	0	2	0	0	1	unphased
1	331	87	0	2	0	0	1	unphased
1	332	107	0	2	0	0	1	unphased
1	333	95	0	2	0	0	1	unphased
1	334	106	0	2	0	0	1	unphased
1	335	117	0	2	0	0	1	unphased
1	336	72	0	2	0	0	1	unphased
1	337	95	0	2	0	0	1	unphased
1	338	99	0	2	0	0	1	unphased
1	339	82	0	2	0	0	1	unphased
1	340	105	0	2	0	0	1	unphased
1	341	105	0	2	0	0	1	unphased
1	342	97	0	2	0	0	1	unphased
1	343	98	0	2	0	0	1	unphased
1	344	92	0	2	0	0	1	unphased
1	345	107	0	2	0	0	1	unphased
1	346	123	0	2	0	0	1	unphased
1	347	96	0	2	0	0	1	unphased
1	348	75	0	2	0	0	1	unphased
1	349	121	0	2	0	0	1	unphased
1	350	92	0	2	0	0	1	unphased
1	351	83	0	2	0	0	1	unphased
1	352	76	0	2	0	0	1	unphased
1	353	87	0	2	0	0	1	unphased
1	354	114	0	2	0	0	1	unphased
1	355	88	0	2	0	0	1	unphased
1	356	109	0	2	0	0	1	unphased
1	357	74	0	2	0	0	1	unphased
1	358	109	0	2	0	0	1	unphased
1	359	101	0	2	0	0	1	unphased
1	360	86	0	2	0	0	1	unphased
1	361	107	0	2	0	0	1	unphased
1	362	96	0	2	0	0	1	unphased
1	363	86	0	2	0	0	1	unphased
1	364	102	0	2	0	0	1	unphased
1	365	92	0	2	0	0	1	unphased
1	366	106	0	2	0	0	1	unphased
1	367	107	0	2	0	0	1	unphased
1	368	97	0	2	0	0	1	unphased
1	369	105	0	2	0	0	1	unphased
1	370	117	0	2	0	0	1	unphased
1	371	102	0	2	0	0	1	unphased
1	372	99	0	2	0	0	1	unphased
1	373	106	0	2	0	0	1	unphased
1	374	114	0	2	0	0	1	unphased
1	375	122	0	2	0	0	1	unphased
1	376	94	0	2	0	0	1	unphased
1	377	110	0	2	0	0	1	unphased
1	378	98	0	2	0	0	1	unphased
1	379	103	0	2	0	0	1	unphased
1	380	100	0	2	0	0	1	unphased
1	381	106	0	2	0	0	1	unphased
1	382	92	0	2	0	0	1	unphased
1	383	97	0	2	0	0	1	unphased
1	384	85	0	2	0	0	1	unphased
1	385	82	0	2	0	0	1	unphased
1	386	87	0	2	0	0	1	unphased
1	387	89	0	2	0	0	1	unphased
1	388	100	0	2	0	0	1	unphased
1	389	106	0	2	0	0	1	unphased
1	390	89	0	2	0	0	1	unphased
1	391	93	0	2	0	0	1	unphased
1	392	98	0	2	0	0	1	unphased
1	393	101	0	2	0	0	1	unphased
1	394	118	0	2	0	0	1	unphased
1	395	112	0	2	0	0	1	unphased
1	396	94	0	2	0	0	1	unphased
1	397	96	0	2	0	0	1	unphased
1	398	82	0	2	0	0	1	unphased
1	399	85	0	2	0	0	1	unphased
1	400	93	0	2	0	0	1	unphased
1	401	94	0	2	0	0	1	unphased
1	402	98	0	2	0	0	1	unphased
1	403	113	0	2	0	0	1	unphased
1	404	109	0	2	0	0	1	unphased
1	405	83	0	2	0	0	1	unphased
1	406	108	0	2	0	0	1	unphased
1	407	108	0	2	0	0	1	unphased
1	408	94	0	2	0	0	1	unphased
1	409	93	0	2	0	0	1	unphased
1	410	88	0	2	0	0	1	unphased
1	411	97	0	2	0	0	1	unphased
1	412	86	0	2	0	0	1	unphased
1	413	111	0	2	0	0	1	unphased
1	414	114	0	2	0	0	1	unphased
1	415	108	0	2	0	0	1	unphased
1	416	100	0	2	0	0	1	unphased
1	417	112	0	2	0	0	1	unphased
1	418	95	0	2	0	0	1	unphased
1	419	83	0	2	0	0	1	unphased
1	420	78	0	2	0	0	1	unphased
1	421	101	0	2	0	0	1	unphased
1	422	98	0	2	0	0	1	unphased
1	423	99	0	2	0	0	1	unphased
1	424	94	0	2	0	0	1	unphased
1	425	103	0	2	0	0	1	unphased
1	426	79	0	2	0	0	1	unphased
1	427	111	0	2	0	0	1	unphased
1	428	107	0	2	0	0	1	unphased
1	429	106	0	2	0	0	1	unphased
1	430	106	0	2	0	0	1	unphased
1	431	104	0	2	0	0	1	unphased
1	432	115	0	2	0	0	1	unphased
1	433	86	0	2	0	0	1	unphased
1	434	84	0	2	0	0	1	unphased
1	435	93	0	2	0	0	1	unphased
1	436	94	0	2	0	0	1	unphased
1	437	110	0	2	0	0	1	unphased
1	438	108	0	2	0	0	1	unphased
1	439	105	0	2	0	0	1	unphased
1	440	102	0	2	0	0	1	unphased
1	441	84	0	2	0	0	1	unphased
1	442	103	0	2	0	0	1	unphased
1	443	124	0	2	0	0	1	unphased
1	444	111	0	2	0	0	1	unphased
1	445	102	0	2	0	0	1	unphased
1	446	99	0	2	0	0	1	unphased
1	447	106	0	2	0	0	1	unphased
1	448	104	0	2	0	0	1	unphased
1	449	108	0	2	0	0	1	unphased
1	450	105	0	2	0	0	1	unphased
1	451	90	0	2	0	0	1	unphased
1	452	100	0	2	0	0	1	unphased
1	453	109	0	2	0	0	1	unphased
1	454	96	0	2	0	0	1	unphased
1	455	81	0	2	0	0	1	unphased
1	456	102	0	2	0	0	1	unphased
1	457	97	0	2	0	0	1	unphased
1	458	97	0	2	0	0	1	unphased
1	459	107	0	2	0	0	1	unphased
1	460	92	0	2	0	0	1	unphased
1	461	100	0	2	0	0	1	unphased
1	462	95	0	2	0	0	1	unphased
1	463	108	0	2	0	0	1	unphased
1	464	91	0	2	0	0	1	unphased
1	465	104	0	2	0	0	1	unphased
1	466	103	0	2	0	0	1	unphased
1	467	96	0	2	0	0	1	unphased
1	468	93	0	2	0	0	1	unphased
1	469	104	0	2	0	0	1	unphased
1	470	103	0	2	0	0	1	unphased
1	471	105	0	2	0	0	1	unphased
1	472	84	0	2	0	0	1	unphased
1	473	104	0	2	0	0	1	unphased
1	474	95	0	2	0	0	1	unphased
1	475	91	0	2	0	0	1	unphased
1	476	124	0	2	0	0	1	unphased
1	477	113	0	2	0	0	1	unphased
1	478	102	0	2	0	0	1	unphased
1	479	90	0	2	0	0	1	unphased
1	480	116	0	2	0	0	1	unphased
1	481	97	0	2	0	0	1	unphased
1	482	89	0	2	0	0	1	unphased
1	483	83	0	2	0	0	1	unphased
1	484	81	0	2	0	0	1	unphased
1	485	103	0	2	0	0	1	unphased
1	486	114	0	2	0	0	1	unphased
1	487	97	0	2	0	0	1	unphased
1	488	103	0	2	0	0	1	unphased
1	489	86	0	2	0	0	1	unphased
1	490	90	0	2	0	0	1	unphased
1	491	123	0	2	0	0	1	unphased
1	492	113	0	2	0	0	1	unphased
1	493	105	0	2	0	0	1	unphased
1	494	108	0	2	0	0	1	unphased
1	495	108	0	2	0	0	1	unphased
1	496	109	0	2	0	0	1	unphased
1	497	88	0	2	0	0	1	unphased
1	498	95	0	2	0	0	1	unphased
1	499	95	0	2	0	0	1	unphased
1	500	89	0	2	0	0	1	unphased
1	501	62	46	2	0.851851851851852	0.851851851851852	1	unphased
1	502	50	47	2	0.969072164948454	0.969072164948454	1	unphased
1	503	41	50	2	1.0989010989011	1.0989010989011	1	unphased
1	504	62	50	2	0.892857142857143	0.892857142857143	1	unphased
1	505	43	46	2	1.03370786516854	1.03370786516854	1	unphased
1	506	56	48	2	0.923076923076923	0.923076923076923	1	unphased
1	507	63	41	2	0.788461538461538	0.788461538461538	1	unphased
1	508	32	52	2	1.23809523809524	1.23809523809524	1	unphased
1	509	61	53	2	0.929824561403509	0.929824561403509	1	unphased
1	510	46	61	2	1.14018691588785	1.14018691588785	1	unphased
1	511	60	45	2	0.857142857142857	0.857142857142857	1	unphased
1	512	27	55	2	1.34146341463415	1.34146341463415	1	unphased
1	513	60	57	2	0.974358974358974	0.974358974358974	1	unphased
1	514	47	57	2	1.09615384615385	1.09615384615385	1	unphased
1	515	40	51	2	1.12087912087912	1.12087912087912	1	unphased
1	516	67	44	2	0.792792792792793	0.792792792792793	1	unphased
1	517	42	51	2	1.09677419354839	1.09677419354839	1	unphased
1	518	47	45	2	0.978260869565217	0.978260869565217	1	unphased
1	519	55	50	2	0.952380952380952	0.952380952380952	1	unphased
1	520	36	47	2	1.13253012048193	1.13253012048193	1	unphased
1	521	45	51	2	1.0625	1.0625	1	unphased
1	522	41	52	2	1.11827956989247	1.11827956989247	1	unphased
1	523	33	51	2	1.21428571428571	1.21428571428571	1	unphased
1	524	68	52	2	0.866666666666667	0.866666666666667	1	unphased
1	525	42	59	2	1.16831683168317	1.16831683168317	1	unphased
1	526	53	47	2	0.94	0.94	1	unphased
1	527	43	49	2	1.06521739130435	1.06521739130435	1	unphased
1	528	47	54	2	1.06930693069307	1.06930693069307	1	unphased
1	529	38	47	2	1.10588235294118	1.10588235294118	1	unphased
1	530	52	46	2	0.938775510204082	0.938775510204082	1	unphased
1	531	52	51	2	0.990291262135922	0.990291262135922	1	unphased
1	532	53	44	2	0.907216494845361	0.907216494845361	1	unphased
1	533	41	46	2	1.05747126436782	1.05747126436782	1	unphased
1	534	40	47	2	1.08045977011494	1.08045977011494	1	unphased
1	535	44	52	2	1.08333333333333	1.08333333333333	1	unphased
1	536	49	53	2	1.03921568627451	1.03921568627451	1	unphased
1	537	62	47	2	0.862385321100917	0.862385321100917	1	unphased
1	538	51	51	2	1	1	1	unphased
1	539	50	53	2	1.02912621359223	1.02912621359223	1	unphased
1	540	46	55	2	1.08910891089109	1.08910891089109	1	unphased
1	541	82	44	2	0.698412698412698	0.698412698412698	1	unphased
1	542	45	49	2	1.04255319148936	1.04255319148936	1	unphased
1	543	49	53	2	1.03921568627451	1.03921568627451	1	unphased
1	544	40	49	2	1.10112359550562	1.10112359550562	1	unphased
1	545	48	53	2	1.04950495049505	1.04950495049505	1	unphased
1	546	44	50	2	1.06382978723404	1.06382978723404	1	unphased
1	547	48	51	2	1.03030303030303	1.03030303030303	1	unphased
1	548	50	47	2	0.969072164948454	0.969072164948454	1	unphased
1	549	42	48	2	1.06666666666667	1.06666666666667	1	unphased
1	550	57	52	2	0.954128440366973	0.954128440366973	1	unphased
1	551	52	45	2	0.927835051546392	0.927835051546392	1	unphased
1	552	53	55	2	1.01851851851852	1.01851851851852	1	unphased
1	553	55	41	2	0.854166666666667	0.854166666666667	1	unphased
1	554	44	48	2	1.04347826086957	1.04347826086957	1	unphased
1	555	73	42	2	0.730434782608696	0.730434782608696	1	unphased
1	556	36	53	2	1.19101123595506	1.19101123595506	1	unphased
1	557	52	54	2	1.0188679245283	1.0188679245283	1	unphased
1	558	63	57	2	0.95	0.95	1	unphased
1	559	43	56	2	1.13131313131313	1.13131313131313	1	unphased
1	560	42	52	2	1.1063829787234	1.1063829787234	1	unphased
1	561	57	44	2	0.871287128712871	0.871287128712871	1	unphased
1	562	37	59	2	1.22916666666667	1.22916666666667	1	unphased
1	563	50	46	2	0.958333333333333	0.958333333333333	1	unphased
1	564	44	55	2	1.11111111111111	1.11111111111111	1	unphased
1	565	36	60	2	1.25	1.25	1	unphased
1	566	41	41	2	1	1	1	unphased
1	567	50	48	2	0.979591836734694	0.979591836734694	1	unphased
1	568	41	56	2	1.15463917525773	1.15463917525773	1	unphased
1	569	53	49	2	0.96078431372549	0.96078431372549	1	unphased
1	570	79	47	2	0.746031746031746	0.746031746031746	1	unphased
1	571	55	45	2	0.9	0.9	1	unphased
1	572	38	49	2	1.1264367816092	1.1264367816092	1	unphased
1	573	54	41	2	0.863157894736842	0.863157894736842	1	unphased
1	574	69	49	2	0.830508474576271	0.830508474576271	1	unphased
1	575	57	53	2	0.963636363636364	0.963636363636364	1	unphased
1	576	24	55	2	1.39240506329114	1.39240506329114	1	unphased
1	577	46	46	2	1	1	1	unphased
1	578	56	45	2	0.891089108910891	0.891089108910891	1	unphased
1	579	61	46	2	0.85981308411215	0.85981308411215	1	unphased
1	580	44	49	2	1.05376344086022	1.05376344086022	1	unphased
1	581	52	50	2	0.980392156862745	0.980392156862745	1	unphased
1	582	39	49	2	1.11363636363636	1.11363636363636	1	unphased
1	583	50	46	2	0.958333333333333	0.958333333333333	1	unphased
1	584	39	54	2	1.16129032258065	1.16129032258065	1	unphased
1	585	52	51	2	0.990291262135922	0.990291262135922	1	unphased
1	586	66	51	2	0.871794871794872	0.871794871794872	1	unphased
1	587	52	52	2	1	1	1	unphased
1	588	33	53	2	1.23255813953488	1.23255813953488	1	unphased
1	589	50	48	2	0.979591836734694	0.979591836734694	1	unphased
1	590	58	45	2	0.87378640776699	0.87378640776699	1	unphased
1	591	60	52	2	0.928571428571429	0.928571428571429	1	unphased
1	592	53	51	2	0.980769230769231	0.980769230769231	1	unphased
1	593	53	57	2	1.03636363636364	1.03636363636364	1	unphased
1	594	62	49	2	0.882882882882883	0.882882882882883	1	unphased
1	595	30	57	2	1.31034482758621	1.31034482758621	1	unphased
1	596	48	55	2	1.06796116504854	1.06796116504854	1	unphased
1	597	65	44	2	0.807339449541284	0.807339449541284	1	unphased
1	598	55	46	2	0.910891089108911	0.910891089108911	1	unphased
1	599	58	54	2	0.964285714285714	0.964285714285714	1	unphased
1	600	52	55	2	1.02803738317757	1.02803738317757	1	unphased
1	601	111	0	2	0	0	1	unphased
1	602	90	0	2	0	0	1	unphased
1	603	128	0	2	0	0	1	unphased
1	604	95	0	2	0	0	1	unphased
1	605	89	0	2	0	0	1	unphased
1	606	104	0	2	0	0	1	unphased
1	607	113	0	2	0	0	1	unphased
1	608	102	0	2	0	0	1	unphased
1	609	109	0	2	0	0	1	unphased
1	610	98	0	2	0	0	1	unphased
1	611	110	0	2	0	0	1	unphased
1	612	99	0	2	0	0	1	unphased
1	613	94	0	2	0	0	1	unphased
1	614	114	0	2	0	0	1	unphased
1	615	101	0	2	0	0	1	unphased
1	616	84	0	2	0	0	1	unphased
1	617	106	0	2	0	0	1	unphased
1	618	107	0	2	0	0	1	unphased
1	619	110	0	2	0	0	1	unphased
1	620	105	0	2	0	0	1	unphased
1	621	94	0	2	0	0	1	unphased
1	622	104	0	2	0	0	1	unphased
1	623	104	0	2	0	0	1	unphased
1	624	88	0	2	0	0	1	unphased
1	625	87	0	2	0	0	1	unphased
1	626	90	0	2	0	0	1	unphased
1	627	102	0	2	0	0	1	unphased
1	628	113	0	2	0	0	1	unphased
1	629	116	0	2	0	0	1	unphased
1	630	86	0	2	0	0	1	unphased
1	631	105	0	2	0	0	1	unphased
1	632	116	0	2	0	0	1	unphased
1	633	102	0	2	0	0	1	unphased
1	634	89	0	2	0	0	1	unphased
1	635	88	0	2	0	0	1	unphased
1	636	82	0	2	0	0	1	unphased
1	637	103	0	2	0	0	1	unphased
1	638	113	0	2	0	0	1	unphased
1	639	93	0	2	0	0	1	unphased
1	640	101	0	2	0	0	1	unphased
1	641	100	0	2	0	0	1	unphased
1	642	102	0	2	0	0	1	unphased
1	643	118	0	2	0	0	1	unphased
1	644	86	0	2	0	0	1	unphased
1	645	95	0	2	0	0	1	unphased
1	646	89	0	2	0	0	1	unphased
1	647	105	0	2	0	0	1	unphased
1	648	91	0	2	0	0	1	unphased
1	649	106	0	2	0	0	1	unphased
1	650	97	0	2	0	0	1	unphased
1	651	97	0	2	0	0	1	unphased
1	652	111	0	2	0	0	1	unphased
1	653	108	0	2	0	0	1	unphased
1	654	102	0	2	0	0	1	unphased
1	655	120	0	2	0	0	1	unphased
1	656	112	0	2	0	0	1	unphased
1	657	107	0	2	0	0	1	unphased
1	658	102	0	2	0	0	1	unphased
1	659	96	0	2	0	0	1	unphased
1	660	118	0	2	0	0	1	unphased
1	661	107	0	2	0	0	1	unphased
1	662	97	0	2	0	0	1	unphased
1	663	107	0	2	0	0	1	unphased
1	664	91	0	2	0	0	1	unphased
1	665	106	0	2	0	0	1	unphased
1	666	95	0	2	0	0	1	unphased
1	667	96	0	2	0	0	1	unphased
1	668	101	0	2	0	0	1	unphased
1	669	100	0	2	0	0	1	unphased
1	670	117	0	2	0	0	1	unphased
1	671	105	0	2	0	0	1	unphased
1	672	77	0	2	0	0	1	unphased
1	673	93	0	2	0	0	1	unphased
1	674	105	0	2	0	0	1	unphased
1	675	97	0	2	0	0	1	unphased
1	676	93	0	2	0	0	1	unphased
1	677	96	0	2	0	0	1	unphased
1	678	104	0	2	0	0	1	unphased
1	679	100	0	2	0	0	1	unphased
1	680	97	0	2	0	0	1	unphased
1	681	99	0	2	0	0	1	unphased
1	682	108	0	2	0	0	1	unphased
1	683	89	0	2	0	0	1	unphased
1	684	106	0	2	0	0	1	unphased
1	685	116	0	2	0	0	1	unphased
1	686	86	0	2	0	0	1	unphased
1	687	89	0	2	0	0	1	unphased
1	688	102	0	2	0	0	1	unphased
1	689	105	0	2	0	0	1	unphased
1	690	94	0	2	0	0	1	unphased
1	691	90	0	2	0	0	1	unphased
1	692	89	0	2	0	0	1	unphased
1	693	109	0	2	0	0	1	unphased
1	694	88	0	2	0	0	1	unphased
1	695	113	0	2	0	0	1	unphased
1	696	115	0	2	0	0	1	unphased
1	697	106	0	2	0	0	1	unphased
1	698	105	0	2	0	0	1	unphased
1	699	90	0	2	0	0	1	unphased
1	700	115	0	2	0	0	1	unphased
1	701	113	0	2	0	0	1	unphased
1	702	97	0	2	0	0	1	unphased
1	703	91	0	2	0	0	1	unphased
1	704	109	0	2	0	0	1	unphased
1	705	108	0	2	0	0	1	unphased
1	706	105	0	2	0	0	1	unphased
1	707	102	0	2	0	0	1	unphased
1	708	111	0	2	0	0	1	unphased
1	709	103	0	2	0	0	1	unphased
1	710	101	0	2	0	0	1	unphased
1	711	95	0	2	0	0	1	unphased
1	712	94	0	2	0	0	1	unphased
1	713	103	0	2	0	0	1	unphased
1	714	103	0	2	0	0	1	unphased
1	715	103	0	2	0	0	1	unphased
1	716	113	0	2	0	0	1	unphased
1	717	98	0	2	0	0	1	unphased
1	718	111	0	2	0	0	1	unphased
1	719	94	0	2	0	0	1	unphased
1	720	93	0	2	0	0	1	unphased
1	721	112	0	2	0	0	1	unphased
1	722	101	0	2	0	0	1	unphased
1	723	107	0	2	0	0	1	unphased
1	724	85	0	2	0	0	1	unphased
1	725	81	0	2	0	0	1	unphased
1	726	87	0	2	0	0	1	unphased
1	727	92	0	2	0	0	1	unphased
1	728	104	0	2	0	0	1	unphased
1	729	108	0	2	0	0	1	unphased
1	730	97	0	2	0	0	1	unphased
1	731	87	0	2	0	0	1	unphased
1	732	97	0	2	0	0	1	unphased
1	733	94	0	2	0	0	1	unphased
1	734	100	0	2	0	0	1	unphased
1	735	96	0	2	0	0	1	unphased
1	736	101	0	2	0	0	1	unphased
1	737	92	0	2	0	0	1	unphased
1	738	115	0	2	0	0	1	unphased
1	739	104	0	2	0	0	1	unphased
1	740	93	0	2	0	0	1	unphased
1	741	93	0	2	0	0	1	unphased
1	742	100	0	2	0	0	1	unphased
1	743	113	0	2	0	0	1	unphased
1	744	83	0	2	0	0	1	unphased
1	745	107	0	2	0	0	1	unphased
1	746	115	0	2	0	0	1	unphased
1	747	94	0	2	0	0	1	unphased
1	748	90	0	2	0	0	1	unphased
1	749	109	0	2	0	0	1	unphased
1	750	99	0	2	0	0	1	unphased
1	751	107	0	2	0	0	1	unphased
1	752	113	0	2	0	0	1	unphased
1	753	96	0	2	0	0	1	unphased
1	754	84	0	2	0	0	1	unphased
1	755	101	0	2	0	0	1	unphased
1	756	89	0	2	0	0	1	unphased
1	757	103	0	2	0	0	1	unphased
1	758	117	0	2	0	0	1	unphased
1	759	102	0	2	0	0	1	unphased
1	760	106	0	2	0	0	1	unphased
1	761	102	0	2	0	0	1	unphased
1	762	90	0	2	0	0	1	unphased
1	763	81	0	2	0	0	1	unphased
1	764	88	0	2	0	0	1	unphased
1	765	89	0	2	0	0	1	unphased
1	766	106	0	2	0	0	1	unphased
1	767	110	0	2	0	0	1	unphased
1	768	105	0	2	0	0	1	unphased
1	769	98	0	2	0	0	1	unphased
1	770	124	0	2	0	0	1	unphased
1	771	92	0	2	0	0	1	unphased
1	772	92	0	2	0	0	1	unphased
1	773	101	0	2	0	0	1	unphased
1	774	103	0	2	0	0	1	unphased
1	775	92	0	2	0	0	1	unphased
1	776	93	0	2	0	0	1	unphased
1	777	105	0	2	0	0	1	unphased
1	778	103	0	2	0	0	1	unphased
1	779	111	0	2	0	0	1	unphased
1	780	105	0	2	0	0	1	unphased
1	781	106	0	2	0	0	1	unphased
1	782	117	0	2	0	0	1	unphased
1	783	112	0	2	0	0	1	unphased
1	784	98	0	2	0	0	1	unphased
1	785	120	0	2	0	0	1	unphased
1	786	106	0	2	0	0	1	unphased
1	787	100	0	2	0	0	1	unphased
1	788	116	0	2	0	0	1	unphased
1	789	99	0	2	0	0	1	unphased
1	790	98	0	2	0	0	1	unphased
1	791	90	0	2	0	0	1	unphased
1	792	110	0	2	0	0	1	unphased
1	793	105	0	2	0	0	1	unphased
1	794	114	0	2	0	0	1	unphased
1	795	87	0	2	0	0	1	unphased
1	796	117	0	2	0	0	1	unphased
1	797	110	0	2	0	0	1	unphased
1	798	111	0	2	0	0	1	unphased
1	799	90	0	2	0	0	1	unphased
1	800	106	0	2	0	0	1	unphased
1	801	95	0	2	0	0	1	unphased
1	802	84	0	2	0	0	1	unphased
1	803	89	0	2	0	0	1	unphased
1	804	93	0	2	0	0	1	unphased
1	805	112	0	2	0	0	1	unphased
1	806	116	0	2	0	0	1	unphased
1	807	109	0	2	0	0	1	unphased
1	808	98	0	2	0	0	1	unphased
1	809	118	0	2	0	0	1	unphased
1	810	79	0	2	0	0	1	unphased
1	811	124	0	2	0	0	1	unphased
1	812	94	0	2	0	0	1	unphased
1	813	118	0	2	0	0	1	unphased
1	814	99	0	2	0	0	1	unphased
1	815	104	0	2	0	0	1	unphased
1	816	98	0	2	0	0	1	unphased
1	817	107	0	2	0	0	1	unphased
1	818	114	0	2	0	0	1	unphased
1	819	136	0	2	0	0	1	unphased
1	820	121	0	2	0	0	1	unphased
1	821	94	0	2	0	0	1	unphased
1	822	94	0	2	0	0	1	unphased
1	823	102	0	2	0	0	1	unphased
1	824	94	0	2	0	0	1	unphased
1	825	106	0	2	0	0	1	unphased
1	826	110	0	2	0	0	1	unphased
1	827	115	0	2	0	0	1	unphased
1	828	107	0	2	0	0	1	unphased
1	829	99	0	2	0	0	1	unphased
1	830	81	0	2	0	0	1	unphased
1	831	105	0	2	0	0	1	unphased
1	832	82	0	2	0	0	1	unphased
1	833	101	0	2	0	0	1	unphased
1	834	90	0	2	0	0	1	unphased
1	835	86	0	2	0	0	1	unphased
1	836	102	0	2	0	0	1	unphased
1	837	99	0	2	0	0	1	unphased
1	838	108	0	2	0	0	1	unphased
1	839	95	0	2	0	0	1	unphased
1	840	107	0	2	0	0	1	unphased
1	841	83	0	2	0	0	1	unphased
1	842	92	0	2	0	0	1	unphased
1	843	100	0	2	0	0	1	unphased
1	844	109	0	2	0	0	1	unphased
1	845	92	0	2	0	0	1	unphased
1	846	99	0	2	0	0	1	unphased
1	847	117	0	2	0	0	1	unphased
1	848	100	0	2	0	0	1	unphased
1	849	105	0	2	0	0	1	unphased
1	850	106	0	2	0	0	1	unphased
1	851	107	0	2	0	0	1	unphased
1	852	106	0	2	0	0	1	unphased
1	853	98	0	2	0	0	1	unphased
1	854	95	0	2	0	0	1	unphased
1	855	98	0	2	0	0	1	unphased
1	856	119	0	2	0	0	1	unphased
1	857	97	0	2	0	0	1	unphased
1	858	108	0	2	0	0	1	unphased
1	859	105	0	2	0	0	1	unphased
1	860	119	0	2	0	0	1	unphased
1	861	81	0	2	0	0	1	unphased
1	862	85	0	2	0	0	1	unphased
1	863	89	0	2	0	0	1	unphased
1	864	103	0	2	0	0	1	unphased
1	865	98	0	2	0	0	1	unphased
1	866	95	0	2	0	0	1	unphased
1	867	102	0	2	0	0	1	unphased
1	868	115	0	2	0	0	1	unphased
1	869	100	0	2	0	0	1	unphased
1	870	85	0	2	0	0	1	unphased
1	871	83	0	2	0	0	1	unphased
1	872	98	0	2	0	0	1	unphased
1	873	85	0	2	0	0	1	unphased
1	874	107	0	2	0	0	1	unphased
1	875	109	0	2	0	0	1	unphased
1	876	83	0	2	0	0	1	unphased
1	877	95	0	2	0	0	1	unphased
1	878	100	0	2	0	0	1	unphased
1	879	89	0	2	0	0	1	unphased
1	880	101	0	2	0	0	1	unphased
1	881	104	0	2	0	0	1	unphased
1	882	103	0	2	0	0	1	unphased
1	883	96	0	2	0	0	1	unphased
1	884	96	0	2	0	0	1	unphased
1	885	87	0	2	0	0	1	unphased
1	886	101	0	2	0	0	1	unphased
1	887	92	0	2	0	0	1	unphased
1	888	98	0	2	0	0	1	unphased
1	889	113	0	2	0	0	1	unphased
1	890	97	0	2	0	0	1	unphased
1	891	105	0	2	0	0	1	unphased
1	892	96	0	2	0	0	1	unphased
1	893	106	0	2	0	0	1	unphased
1	894	118	0	2	0	0	1	unphased
1	895	97	0	2	0	0	1	unphased
1	896	109	0	2	0	0	1	unphased
1	897	95	0	2	0	0	1	unphased
1	898	96	0	2	0	0	1	unphased
1	899	91	0	2	0	0	1	unphased
1	900	93	0	2	0	0	1	unphased
