chr	end	WT.count	mut.count	subclonal.CN	mutation.copy.number	subclonal.fraction	no.chrs.bearing.mut	phase
1	1	58	43	2	0.851485148514851	0.851485148514851	1	unphased
1	2	51	51	2	1	1	1	unphased
1	3	50	51	2	1.00990099009901	1.00990099009901	1	unphased
1	4	42	56	2	1.14285714285714	1.14285714285714	1	unphased
1	5	35	49	2	1.16666666666667	1.16666666666667	1	unphased
1	6	56	50	2	0.943396226415094	0.943396226415094	1	unphased
1	7	53	52	2	0.99047619047619	0.99047619047619	1	unphased
1	8	52	47	2	0.94949494949495	0.94949494949495	1	unphased
1	9	42	47	2	1.0561797752809	1.0561797752809	1	unphased
1	10	44	52	2	1.08333333333333	1.08333333333333	1	unphased
1	11	68	44	2	0.785714285714286	0.785714285714286	1	unphased
1	12	55	49	2	0.942307692307692	0.942307692307692	1	unphased
1	13	61	56	2	0.957264957264957	0.957264957264957	1	unphased
1	14	34	64	2	1.30612244897959	1.30612244897959	1	unphased
1	15	55	45	2	0.9	0.9	1	unphased
1	16	47	54	2	1.06930693069307	1.06930693069307	1	unphased
1	17	40	61	2	1.20792079207921	1.20792079207921	1	unphased
1	18	60	43	2	0.83495145631068	0.83495145631068	1	unphased
1	19	46	57	2	1.10679611650485	1.10679611650485	1	unphased
1	20	64	45	2	0.825688073394495	0.825688073394495	1	unphased
1	21	29	56	2	1.31764705882353	1.31764705882353	1	unphased
1	22	40	58	2	1.18367346938776	1.18367346938776	1	unphased
1	23	56	50	2	0.943396226415094	0.943396226415094	1	unphased
1	24	66	50	2	0.862068965517241	0.862068965517241	1	unphased
1	25	44	56	2	1.12	1.12	1	unphased
1	26	51	50	2	0.99009900990099	0.99009900990099	1	unphased
1	27	65	45	2	0.818181818181818	0.818181818181818	1	unphased
1	28	33	48	2	1.18518518518519	1.18518518518519	1	unphased
1	29	58	48	2	0.905660377358491	0.905660377358491	1	unphased
1	30	32	47	2	1.18987341772152	1.18987341772152	1	unphased
1	31	56	47	2	0.912621359223301	0.912621359223301	1	unphased
1	32	55	43	2	0.877551020408163	0.877551020408163	1	unphased
1	33	35	43	2	1.1025641025641	1.1025641025641	1	unphased
1	34	49	47	2	0.979166666666667	0.979166666666667	1	unphased
1	35	34	57	2	1.25274725274725	1.25274725274725	1	unphased
1	36	70	53	2	0.861788617886179	0.861788617886179	1	unphased
1	37	58	45	2	0.87378640776699	0.87378640776699	1	unphased
1	38	74	44	2	0.745762711864407	0.745762711864407	1	unphased
1	39	38	53	2	1.16483516483516	1.16483516483516	1	unphased
1	40	69	52	2	0.859504132231405	0.859504132231405	1	unphased
1	41	41	57	2	1.16326530612245	1.16326530612245	1	unphased
1	42	59	50	2	0.91743119266055	0.91743119266055	1	unphased
1	43	50	47	2	0.969072164948454	0.969072164948454	1	unphased
1	44	60	51	2	0.918918918918919	0.918918918918919	1	unphased
1	45	42	46	2	1.04545454545455	1.04545454545455	1	unphased
1	46	25	57	2	1.39024390243902	1.39024390243902	1	unphased
1	47	56	52	2	0.962962962962963	0.962962962962963	1	unphased
1	48	51	50	2	0.99009900990099	0.99009900990099	1	unphased
1	49	31	47	2	1.2051282051282	1.2051282051282	1	unphased
1	50	60	51	2	0.918918918918919	0.918918918918919	1	unphased
1	51	37	46	2	1.10843373493976	1.10843373493976	1	unphased
1	52	70	53	2	0.861788617886179	0.861788617886179	1	unphased
1	53	60	50	2	0.909090909090909	0.909090909090909	1	unphased
1	54	35	47	2	1.14634146341463	1.14634146341463	1	unphased
1	55	73	47	2	0.783333333333333	0.783333333333333	1	unphased
1	56	46	53	2	1.07070707070707	1.07070707070707	1	unphased
1	57	30	55	2	1.29411764705882	1.29411764705882	1	unphased
1	58	73	42	2	0.730434782608696	0.730434782608696	1	unphased
1	59	46	50	2	1.04166666666667	1.04166666666667	1	unphased
1	60	45	52	2	1.07216494845361	1.07216494845361	1	unphased
1	61	55	47	2	0.92156862745098	0.92156862745098	1	unphased
1	62	57	39	2	0.8125	0.8125	1	unphased
1	63	38	55	2	1.18279569892473	1.18279569892473	1	unphased
1	64	64	44	2	0.814814814814815	0.814814814814815	1	unphased
1	65	54	51	2	0.971428571428571	0.971428571428571	1	unphased
1	66	48	58	2	1.09433962264151	1.09433962264151	1	unphased
1	67	32	55	2	1.26436781609195	1.26436781609195	1	unphased
1	68	59	47	2	0.886792452830189	0.886792452830189	1	unphased
1	69	32	51	2	1.2289156626506	1.2289156626506	1	unphased
1	70	61	51	2	0.910714285714286	0.910714285714286	1	unphased
1	71	55	49	2	0.942307692307692	0.942307692307692	1	unphased
1	72	30	56	2	1.30232558139535	1.30232558139535	1	unphased
1	73	58	46	2	0.884615384615385	0.884615384615385	1	unphased
1	74	38	52	2	1.15555555555556	1.15555555555556	1	unphased
1	75	44	49	2	1.05376344086022	1.05376344086022	1	unphased
1	76	46	48	2	1.02127659574468	1.02127659574468	1	unphased
1	77	54	41	2	0.863157894736842	0.863157894736842	1	unphased
1	78	45	45	2	1	1	1	unphased
1	79	55	47	2	0.92156862745098	0.92156862745098	1	unphased
1	80	42	51	2	1.09677419354839	1.09677419354839	1	unphased
1	81	68	40	2	0.740740740740741	0.740740740740741	1	unphased
1	82	49	55	2	1.05769230769231	1.05769230769231	1	unphased
1	83	28	48	2	1.26315789473684	1.26315789473684	1	unphased
1	84	50	51	2	1.00990099009901	1.00990099009901	1	unphased
1	85	58	45	2	0.87378640776699	0.87378640776699	1	unphased
1	86	43	57	2	1.14	1.14	1	unphased
1	87	45	56	2	1.10891089108911	1.10891089108911	1	unphased
1	88	50	53	2	1.02912621359223	1.02912621359223	1	unphased
1	89	45	59	2	1.13461538461538	1.13461538461538	1	unphased
1	90	65	47	2	0.839285714285714	0.839285714285714	1	unphased
1	91	46	43	2	0.966292134831461	0.966292134831461	1	unphased
1	92	62	49	2	0.882882882882883	0.882882882882883	1	unphased
1	93	55	55	2	1	1	1	unphased
1	94	44	60	2	1.15384615384615	1.15384615384615	1	unphased
1	95	58	47	2	0.895238095238095	0.895238095238095	1	unphased
1	96	56	50	2	0.943396226415094	0.943396226415094	1	unphased
1	97	42	54	2	1.125	1.125	1	unphased
1	98	62	54	2	0.931034482758621	0.931034482758621	1	unphased
1	99	66	54	2	0.9	0.9	1	unphased
1	100	45	47	2	1.02173913043478	1.02173913043478	1	unphased
1	101	104	0	2	0	0	1	unphased
1	102	80	0	2	0	0	1	unphased
1	103	99	0	2	0	0	1	unphased
1	104	105	0	2	0	0	1	unphased
1	105	105	0	2	0	0	1	unphased
1	106	92	0	2	0	0	1	unphased
1	107	85	0	2	0	0	1	unphased
1	108	105	0	2	0	0	1	unphased
1	109	100	0	2	0	0	1	unphased
1	110	95	0	2	0	0	1	unphased
1	111	106	0	2	0	0	1	unphased
1	112	96	0	2	0	0	1	unphased
1	113	93	0	2	0	0	1	unphased
1	114	111	0	2	0	0	1	unphased
1	115	87	0	2	0	0	1	unphased
1	116	118	0	2	0	0	1	unphased
1	117	87	0	2	0	0	1	unphased
1	118	103	0	2	0	0	1	unphased
1	119	89	0	2	0	0	1	unphased
1	120	95	0	2	0	0	1	unphased
1	121	99	0	2	0	0	1	unphased
1	122	105	0	2	0	0	1	unphased
1	123	90	0	2	0	0	1	unphased
1	124	117	0	2	0	0	1	unphased
1	125	79	0	2	0	0	1	unphased
1	126	106	0	2	0	0	1	unphased
1	127	114	0	2	0	0	1	unphased
1	128	108	0	2	0	0	1	unphased
1	129	96	0	2	0	0	1	unphased
1	130	85	0	2	0	0	1	unphased
1	131	111	0	2	0	0	1	unphased
1	132	105	0	2	0	0	1	unphased
1	133	102	0	2	0	0	1	unphased
1	134	101	0	2	0	0	1	unphased
1	135	83	0	2	0	0	1	unphased
1	136	91	0	2	0	0	1	unphased
1	137	86	0	2	0	0	1	unphased
1	138	95	0	2	0	0	1	unphased
1	139	83	0	2	0	0	1	unphased
1	140	106	0	2	0	0	1	unphased
1	141	106	0	2	0	0	1	unphased
1	142	115	0	2	0	0	1	unphased
1	143	99	0	2	0	0	1	unphased
1	144	102	0	2	0	0	1	unphased
1	145	118	0	2	0	0	1	unphased
1	146	112	0	2	0	0	1	unphased
1	147	105	0	2	0	0	1	unphased
1	148	85	0	2	0	0	1	unphased
1	149	113	0	2	0	0	1	unphased
1	150	91	0	2	0	0	1	unphased
1	151	106	0	2	0	0	1	unphased
1	152	94	0	2	0	0	1	unphased
1	153	98	0	2	0	0	1	unphased
1	154	98	0	2	0	0	1	unphased
1	155	99	0	2	0	0	1	unphased
1	156	90	0	2	0	0	1	unphased
1	157	87	0	2	0	0	1	unphased
1	158	104	0	2	0	0	1	unphased
1	159	93	0	2	0	0	1	unphased
1	160	77	0	2	0	0	1	unphased
1	161	109	0	2	0	0	1	unphased
1	162	114	0	2	0	0	1	unphased
1	163	98	0	2	0	0	1	unphased
1	164	84	0	2	0	0	1	unphased
1	165	97	0	2	0	0	1	unphased
1	166	91	0	2	0	0	1	unphased
1	167	99	0	2	0	0	1	unphased
1	168	103	0	2	0	0	1	unphased
1	169	101	0	2	0	0	1	unphased
1	170	107	0	2	0	0	1	unphased
1	171	113	0	2	0	0	1	unphased
1	172	80	0	2	0	0	1	unphased
1	173	109	0	2	0	0	1	unphased
1	174	104	0	2	0	0	1	unphased
1	175	97	0	2	0	0	1	unphased
1	176	103	0	2	0	0	1	unphased
1	177	84	0	2	0	0	1	unphased
1	178	115	0	2	0	0	1	unphased
1	179	88	0	2	0	0	1	unphased
1	180	104	0	2	0	0	1	unphased
1	181	109	0	2	0	0	1	unphased
1	182	92	0	2	0	0	1	unphased
1	183	105	0	2	0	0	1	unphased
1	184	96	0	2	0	0	1	unphased
1	185	105	0	2	0	0	1	unphased
1	186	104	0	2	0	0	1	unphased
1	187	99	0	2	0	0	1	unphased
1	188	105	0	2	0	0	1	unphased
1	189	106	0	2	0	0	1	unphased
1	190	76	0	2	0	0	1	unphased
1	191	94	0	2	0	0	1	unphased
1	192	104	0	2	0	0	1	unphased
1	193	95	0	2	0	0	1	unphased
1	194	93	0	2	0	0	1	unphased
1	195	99	0	2	0	0	1	unphased
1	196	89	0	2	0	0	1	unphased
1	197	98	0	2	0	0	1	unphased
1	198	105	0	2	0	0	1	unphased
1	199	111	0	2	0	0	1	unphased
1	200	97	0	2	0	0	1	unphased
1	201	59	46	2	0.876190476190476	0.876190476190476	1	unphased
1	202	59	50	2	0.91743119266055	0.91743119266055	1	unphased
1	203	46	50	2	1.04166666666667	1.04166666666667	1	unphased
1	204	32	48	2	1.2	1.2	1	unphased
1	205	42	50	2	1.08695652173913	1.08695652173913	1	unphased
1	206	43	45	2	1.02272727272727	1.02272727272727	1	unphased
1	207	42	54	2	1.125	1.125	1	unphased
1	208	52	50	2	0.980392156862745	0.980392156862745	1	unphased
1	209	28	59	2	1.35632183908046	1.35632183908046	1	unphased
1	210	48	52	2	1.04	1.04	1	unphased
1	211	58	54	2	0.964285714285714	0.964285714285714	1	unphased
1	212	73	44	2	0.752136752136752	0.752136752136752	1	unphased
1	213	65	47	2	0.839285714285714	0.839285714285714	1	unphased
1	214	38	49	2	1.1264367816092	1.1264367816092	1	unphased
1	215	51	50	2	0.99009900990099	0.99009900990099	1	unphased
1	216	52	55	2	1.02803738317757	1.02803738317757	1	unphased
1	217	35	54	2	1.21348314606742	1.21348314606742	1	unphased
1	218	37	58	2	1.22105263157895	1.22105263157895	1	unphased
1	219	51	52	2	1.00970873786408	1.00970873786408	1	unphased
1	220	48	56	2	1.07692307692308	1.07692307692308	1	unphased
1	221	43	40	2	0.963855421686747	0.963855421686747	1	unphased
1	222	50	52	2	1.01960784313725	1.01960784313725	1	unphased
1	223	59	42	2	0.831683168316832	0.831683168316832	1	unphased
1	224	48	46	2	0.978723404255319	0.978723404255319	1	unphased
1	225	31	49	2	1.225	1.225	1	unphased
1	226	62	47	2	0.862385321100917	0.862385321100917	1	unphased
1	227	49	49	2	1	1	1	unphased
1	228	66	46	2	0.821428571428571	0.821428571428571	1	unphased
1	229	44	49	2	1.05376344086022	1.05376344086022	1	unphased
1	230	34	48	2	1.17073170731707	1.17073170731707	1	unphased
1	231	59	48	2	0.897196261682243	0.897196261682243	1	unphased
1	232	61	48	2	0.880733944954128	0.880733944954128	1	unphased
1	233	50	49	2	0.98989898989899	0.98989898989899	1	unphased
1	234	56	43	2	0.868686868686869	0.868686868686869	1	unphased
1	235	57	40	2	0.824742268041237	0.824742268041237	1	unphased
1	236	42	44	2	1.02325581395349	1.02325581395349	1	unphased
1	237	50	48	2	0.979591836734694	0.979591836734694	1	unphased
1	238	53	43	2	0.895833333333333	0.895833333333333	1	unphased
1	239	73	41	2	0.719298245614035	0.719298245614035	1	unphased
1	240	52	51	2	0.990291262135922	0.990291262135922	1	unphased
1	241	35	59	2	1.25531914893617	1.25531914893617	1	unphased
1	242	60	53	2	0.938053097345133	0.938053097345133	1	unphased
1	243	40	47	2	1.08045977011494	1.08045977011494	1	unphased
1	244	67	42	2	0.770642201834862	0.770642201834862	1	unphased
1	245	56	46	2	0.901960784313726	0.901960784313726	1	unphased
1	246	67	52	2	0.873949579831933	0.873949579831933	1	unphased
1	247	53	52	2	0.99047619047619	0.99047619047619	1	unphased
1	248	49	50	2	1.01010101010101	1.01010101010101	1	unphased
1	249	53	50	2	0.970873786407767	0.970873786407767	1	unphased
1	250	37	55	2	1.19565217391304	1.19565217391304	1	unphased
1	251	36	51	2	1.17241379310345	1.17241379310345	1	unphased
1	252	27	56	2	1.34939759036145	1.34939759036145	1	unphased
1	253	64	54	2	0.915254237288136	0.915254237288136	1	unphased
1	254	47	54	2	1.06930693069307	1.06930693069307	1	unphased
1	255	53	52	2	0.99047619047619	0.99047619047619	1	unphased
1	256	62	45	2	0.841121495327103	0.841121495327103	1	unphased
1	257	63	54	2	0.923076923076923	0.923076923076923	1	unphased
1	258	62	42	2	0.807692307692308	0.807692307692308	1	unphased
1	259	56	51	2	0.953271028037383	0.953271028037383	1	unphased
1	260	40	55	2	1.15789473684211	1.15789473684211	1	unphased
1	261	66	47	2	0.831858407079646	0.831858407079646	1	unphased
1	262	45	56	2	1.10891089108911	1.10891089108911	1	unphased
1	263	49	46	2	0.968421052631579	0.968421052631579	1	unphased
1	264	49	54	2	1.04854368932039	1.04854368932039	1	unphased
1	265	52	48	2	0.96	0.96	1	unphased
1	266	54	45	2	0.909090909090909	0.909090909090909	1	unphased
1	267	54	53	2	0.990654205607477	0.990654205607477	1	unphased
1	268	50	50	2	1	1	1	unphased
1	269	49	41	2	0.911111111111111	0.911111111111111	1	unphased
1	270	27	54	2	1.33333333333333	1.33333333333333	1	unphased
1	271	59	52	2	0.936936936936937	0.936936936936937	1	unphased
1	272	49	47	2	0.979166666666667	0.979166666666667	1	unphased
1	273	45	44	2	0.98876404494382	0.98876404494382	1	unphased
1	274	48	52	2	1.04	1.04	1	unphased
1	275	60	50	2	0.909090909090909	0.909090909090909	1	unphased
1	276	46	40	2	0.930232558139535	0.930232558139535	1	unphased
1	277	47	45	2	0.978260869565217	0.978260869565217	1	unphased
1	278	59	46	2	0.876190476190476	0.876190476190476	1	unphased
1	279	49	55	2	1.05769230769231	1.05769230769231	1	unphased
1	280	42	55	2	1.1340206185567	1.1340206185567	1	unphased
1	281	27	52	2	1.31645569620253	1.31645569620253	1	unphased
1	282	60	47	2	0.878504672897196	0.878504672897196	1	unphased
1	283	60	43	2	0.83495145631068	0.83495145631068	1	unphased
1	284	34	60	2	1.27659574468085	1.27659574468085	1	unphased
1	285	52	47	2	0.94949494949495	0.94949494949495	1	unphased
1	286	50	53	2	1.02912621359223	1.02912621359223	1	unphased
1	287	43	59	2	1.15686274509804	1.15686274509804	1	unphased
1	288	55	49	2	0.942307692307692	0.942307692307692	1	unphased
1	289	46	46	2	1	1	1	unphased
1	290	43	48	2	1.05494505494505	1.05494505494505	1	unphased
1	291	55	47	2	0.92156862745098	0.92156862745098	1	unphased
1	292	46	52	2	1.06122448979592	1.06122448979592	1	unphased
1	293	37	52	2	1.1685393258427	1.1685393258427	1	unphased
1	294	60	53	2	0.938053097345133	0.938053097345133	1	unphased
1	295	42	54	2	1.125	1.125	1	unphased
1	296	45	47	2	1.02173913043478	1.02173913043478	1	unphased
1	297	37	58	2	1.22105263157895	1.22105263157895	1	unphased
1	298	43	52	2	1.09473684210526	1.09473684210526	1	unphased
1	299	39	52	2	1.14285714285714	1.14285714285714	1	unphased
1	300	59	52	2	0.936936936936937	0.936936936936937	1	unphased
1	301	108	0	2	0	0	1	unphased
1	302	94	0	2	0	0	1	unphased
1	303	110	0	2	0	0	1	unphased
1	304	89	0	2	0	0	1	unphased
1	305	122	0	2	0	0	1	unphased
1	306	97	0	2	0	0	1	unphased
1	307	83	0	2	0	0	1	unphased
1	308	115	0	2	0	0	1	unphased
1	309	94	0	2	0	0	1	unphased
1	310	96	0	2	0	0	1	unphased
1	311	85	0	2	0	0	1	unphased
1	312	114	0	2	0	0	1	unphased
1	313	92	0	2	0	0	1	unphased
1	314	108	0	2	0	0	1	unphased
1	315	105	0	2	0	0	1	unphased
1	316	91	0	2	0	0	1	unphased
1	317	102	0	2	0	0	1	unphased
1	318	110	0	2	0	0	1	unphased
1	319	101	0	2	0	0	1	unphased
1	320	98	0	2	0	0	1	unphased
1	321	107	0	2	0	0	1	unphased
1	322	98	0	2	0	0	1	unphased
1	323	103	0	2	0	0	1	unphased
1	324	108	0	2	0	0	1	unphased
1	325	93	0	2	0	0	1	unphased
1	326	106	0	2	0	0	1	unphased
1	327	107	0	2	0	0	1	unphased
1	328	116	0	2	0	0	1	unphased
1	329	99	0	2	0	0	1	unphased
1	330	90	0	2	0	0	1	unphased
1	331	96	0	2	0	0	1	unphased
1	332	76	0	2	0	0	1	unphased
1	333	105	0	2	0	0	1	unphased
1	334	103	0	2	0	0	1	unphased
1	335	105	0	2	0	0	1	unphased
1	336	108	0	2	0	0	1	unphased
1	337	88	0	2	0	0	1	unphased
1	338	108	0	2	0	0	1	unphased
1	339	109	0	2	0	0	1	unphased
1	340	95	0	2	0	0	1	unphased
1	341	106	0	2	0	0	1	unphased
1	342	108	0	2	0	0	1	unphased
1	343	107	0	2	0	0	1	unphased
1	344	102	0	2	0	0	1	unphased
1	345	95	0	2	0	0	1	unphased
1	346	95	0	2	0	0	1	unphased
1	347	110	0	2	0	0	1	unphased
1	348	103	0	2	0	0	1	unphased
1	349	89	0	2	0	0	1	unphased
1	350	94	0	2	0	0	1	unphased
1	351	116	0	2	0	0	1	unphased
1	352	88	0	2	0	0	1	unphased
1	353	108	0	2	0	0	1	unphased
1	354	103	0	2	0	0	1	unphased
1	355	103	0	2	0	0	1	unphased
1	356	102	0	2	0	0	1	unphased
1	357	117	0	2	0	0	1	unphased
1	358	113	0	2	0	0	1	unphased
1	359	103	0	2	0	0	1	unphased
1	360	108	0	2	0	0	1	unphased
1	361	96	0	2	0	0	1	unphased
1	362	94	0	2	0	0	1	unphased
1	363	94	0	2	0	0	1	unphased
1	364	106	0	2	0	0	1	unphased
1	365	94	0	2	0	0	1	unphased
1	366	93	0	2	0	0	1	unphased
1	367	96	0	2	0	0	1	unphased
1	368	101	0	2	0	0	1	unphased
1	369	93	0	2	0	0	1	unphased
1	370	103	0	2	0	0	1	unphased
1	371	90	0	2	0	0	1	unphased
1	372	116	0	2	0	0	1	unphased
1	373	107	0	2	0	0	1	unphased
1	374	99	0	2	0	0	1	unphased
1	375	107	0	2	0	0	1	unphased
1	376	96	0	2	0	0	1	unphased
1	377	104	0	2	0	0	1	unphased
1	378	95	0	2	0	0	1	unphased
1	379	102	0	2	0	0	1	unphased
1	380	113	0	2	0	0	1	unphased
1	381	88	0	2	0	0	1	unphased
1	382	93	0	2	0	0	1	unphased
1	383	99	0	2	0	0	1	unphased
1	384	106	0	2	0	0	1	unphased
1	385	88	0	2	0	0	1	unphased
1	386	96	0	2	0	0	1	unphased
1	387	90	0	2	0	0	1	unphased
1	388	89	0	2	0	0	1	unphased
1	389	81	0	2	0	0	1	unphased
1	390	81	0	2	0	0	1	unphased
1	391	109	0	2	0	0	1	unphased
1	392	100	0	2	0	0	1	unphased
1	393	110	0	2	0	0	1	unphased
1	394	106	0	2	0	0	1	unphased
1	395	94	0	2	0	0	1	unphased
1	396	107	0	2	0	0	1	unphased
1	397	104	0	2	0	0	1	unphased
1	398	96	0	2	0	0	1	unphased
1	399	86	0	2	0	0	1	unphased
1	400	103	0	2	0	0	1	unphased
1	401	86	0	2	0	0	1	unphased
1	402	108	0	2	0	0	1	unphased
1	403	117	0	2	0	0	1	unphased
1	404	104	0	2	0	0	1	unphased
1	405	101	0	2	0	0	1	unphased
1	406	99	0	2	0	0	1	unphased
1	407	114	0	2	0	0	1	unphased
1	408	83	0	2	0	0	1	unphased
1	409	108	0	2	0	0	1	unphased
1	410	95	0	2	0	0	1	unphased
1	411	101	0	2	0	0	1	unphased
1	412	88	0	2	0	0	1	unphased
1	413	112	0	2	0	0	1	unphased
1	414	107	0	2	0	0	1	unphased
1	415	111	0	2	0	0	1	unphased
1	416	96	0	2	0	0	1	unphased
1	417	89	0	2	0	0	1	unphased
1	418	99	0	2	0	0	1	unphased
1	419	100	0	2	0	0	1	unphased
1	420	99	0	2	0	0	1	unphased
1	421	97	0	2	0	0	1	unphased
1	422	101	0	2	0	0	1	unphased
1	423	102	0	2	0	0	1	unphased
1	424	92	0	2	0	0	1	unphased
1	425	103	0	2	0	0	1	unphased
1	426	107	0	2	0	0	1	unphased
1	427	102	0	2	0	0	1	unphased
1	428	113	0	2	0	0	1	unphased
1	429	102	0	2	0	0	1	unphased
1	430	88	0	2	0	0	1	unphased
1	431	96	0	2	0	0	1	unphased
1	432	98	0	2	0	0	1	unphased
1	433	92	0	2	0	0	1	unphased
1	434	100	0	2	0	0	1	unphased
1	435	101	0	2	0	0	1	unphased
1	436	107	0	2	0	0	1	unphased
1	437	106	0	2	0	0	1	unphased
1	438	97	0	2	0	0	1	unphased
1	439	96	0	2	0	0	1	unphased
1	440	104	0	2	0	0	1	unphased
1	441	101	0	2	0	0	1	unphased
1	442	91	0	2	0	0	1	unphased
1	443	100	0	2	0	0	1	unphased
1	444	96	0	2	0	0	1	unphased
1	445	95	0	2	0	0	1	unphased
1	446	100	0	2	0	0	1	unphased
1	447	92	0	2	0	0	1	unphased
1	448	95	0	2	0	0	1	unphased
1	449	104	0	2	0	0	1	unphased
1	450	90	0	2	0	0	1	unphased
1	451	102	0	2	0	0	1	unphased
1	452	110	0	2	0	0	1	unphased
1	453	97	0	2	0	0	1	unphased
1	454	101	0	2	0	0	1	unphased
1	455	99	0	2	0	0	1	unphased
1	456	112	0	2	0	0	1	unphased
1	457	80	0	2	0	0	1	unphased
1	458	105	0	2	0	0	1	unphased
1	459	98	0	2	0	0	1	unphased
1	460	95	0	2	0	0	1	unphased
1	461	101	0	2	0	0	1	unphased
1	462	96	0	2	0	0	1	unphased
1	463	113	0	2	0	0	1	unphased
1	464	105	0	2	0	0	1	unphased
1	465	95	0	2	0	0	1	unphased
1	466	85	0	2	0	0	1	unphased
1	467	97	0	2	0	0	1	unphased
1	468	104	0	2	0	0	1	unphased
1	469	98	0	2	0	0	1	unphased
1	470	103	0	2	0	0	1	unphased
1	471	98	0	2	0	0	1	unphased
1	472	102	0	2	0	0	1	unphased
1	473	97	0	2	0	0	1	unphased
1	474	108	0	2	0	0	1	unphased
1	475	113	0	2	0	0	1	unphased
1	476	113	0	2	0	0	1	unphased
1	477	91	0	2	0	0	1	unphased
1	478	87	0	2	0	0	1	unphased
1	479	104	0	2	0	0	1	unphased
1	480	107	0	2	0	0	1	unphased
1	481	104	0	2	0	0	1	unphased
1	482	91	0	2	0	0	1	unphased
1	483	101	0	2	0	0	1	unphased
1	484	91	0	2	0	0	1	unphased
1	485	114	0	2	0	0	1	unphased
1	486	99	0	2	0	0	1	unphased
1	487	90	0	2	0	0	1	unphased
1	488	120	0	2	0	0	1	unphased
1	489	98	0	2	0	0	1	unphased
1	490	86	0	2	0	0	1	unphased
1	491	100	0	2	0	0	1	unphased
1	492	103	0	2	0	0	1	unphased
1	493	108	0	2	0	0	1	unphased
1	494	84	0	2	0	0	1	unphased
1	495	87	0	2	0	0	1	unphased
1	496	85	0	2	0	0	1	unphased
1	497	92	0	2	0	0	1	unphased
1	498	103	0	2	0	0	1	unphased
1	499	121	0	2	0	0	1	unphased
1	500	104	0	2	0	0	1	unphased
1	501	87	0	2	0	0	1	unphased
1	502	122	0	2	0	0	1	unphased
1	503	97	0	2	0	0	1	unphased
1	504	117	0	2	0	0	1	unphased
1	505	74	0	2	0	0	1	unphased
1	506	96	0	2	0	0	1	unphased
1	507	91	0	2	0	0	1	unphased
1	508	102	0	2	0	0	1	unphased
1	509	102	0	2	0	0	1	unphased
1	510	101	0	2	0	0	1	unphased
1	511	93	0	2	0	0	1	unphased
1	512	107	0	2	0	0	1	unphased
1	513	98	0	2	0	0	1	unphased
1	514	104	0	2	0	0	1	unphased
1	515	107	0	2	0	0	1	unphased
1	516	115	0	2	0	0	1	unphased
1	517	95	0	2	0	0	1	unphased
1	518	97	0	2	0	0	1	unphased
1	519	108	0	2	0	0	1	unphased
1	520	96	0	2	0	0	1	unphased
1	521	97	0	2	0	0	1	unphased
1	522	99	0	2	0	0	1	unphased
1	523	94	0	2	0	0	1	unphased
1	524	95	0	2	0	0	1	unphased
1	525	103	0	2	0	0	1	unphased
1	526	109	0	2	0	0	1	unphased
1	527	107	0	2	0	0	1	unphased
1	528	89	0	2	0	0	1	unphased
1	529	84	0	2	0	0	1	unphased
1	530	96	0	2	0	0	1	unphased
1	531	117	0	2	0	0	1	unphased
1	532	107	0	2	0	0	1	unphased
1	533	110	0	2	0	0	1	unphased
1	534	110	0	2	0	0	1	unphased
1	535	107	0	2	0	0	1	unphased
1	536	108	0	2	0	0	1	unphased
1	537	99	0	2	0	0	1	unphased
1	538	109	0	2	0	0	1	unphased
1	539	108	0	2	0	0	1	unphased
1	540	89	0	2	0	0	1	unphased
1	541	106	0	2	0	0	1	unphased
1	542	102	0	2	0	0	1	unphased
1	543	115	0	2	0	0	1	unphased
1	544	85	0	2	0	0	1	unphased
1	545	95	0	2	0	0	1	unphased
1	546	95	0	2	0	0	1	unphased
1	547	105	0	2	0	0	1	unphased
1	548	104	0	2	0	0	1	unphased
1	549	105	0	2	0	0	1	unphased
1	550	89	0	2	0	0	1	unphased
1	551	97	0	2	0	0	1	unphased
1	552	101	0	2	0	0	1	unphased
1	553	113	0	2	0	0	1	unphased
1	554	115	0	2	0	0	1	unphased
1	555	104	0	2	0	0	1	unphased
1	556	115	0	2	0	0	1	unphased
1	557	106	0	2	0	0	1	unphased
1	558	85	0	2	0	0	1	unphased
1	559	120	0	2	0	0	1	unphased
1	560	86	0	2	0	0	1	unphased
1	561	104	0	2	0	0	1	unphased
1	562	94	0	2	0	0	1	unphased
1	563	87	0	2	0	0	1	unphased
1	564	85	0	2	0	0	1	unphased
1	565	92	0	2	0	0	1	unphased
1	566	91	0	2	0	0	1	unphased
1	567	88	0	2	0	0	1	unphased
1	568	119	0	2	0	0	1	unphased
1	569	80	0	2	0	0	1	unphased
1	570	103	0	2	0	0	1	unphased
1	571	85	0	2	0	0	1	unphased
1	572	103	0	2	0	0	1	unphased
1	573	105	0	2	0	0	1	unphased
1	574	97	0	2	0	0	1	unphased
1	575	102	0	2	0	0	1	unphased
1	576	84	0	2	0	0	1	unphased
1	577	108	0	2	0	0	1	unphased
1	578	103	0	2	0	0	1	unphased
1	579	92	0	2	0	0	1	unphased
1	580	93	0	2	0	0	1	unphased
1	581	115	0	2	0	0	1	unphased
1	582	91	0	2	0	0	1	unphased
1	583	100	0	2	0	0	1	unphased
1	584	102	0	2	0	0	1	unphased
1	585	104	0	2	0	0	1	unphased
1	586	97	0	2	0	0	1	unphased
1	587	117	0	2	0	0	1	unphased
1	588	100	0	2	0	0	1	unphased
1	589	90	0	2	0	0	1	unphased
1	590	97	0	2	0	0	1	unphased
1	591	96	0	2	0	0	1	unphased
1	592	111	0	2	0	0	1	unphased
1	593	80	0	2	0	0	1	unphased
1	594	106	0	2	0	0	1	unphased
1	595	87	0	2	0	0	1	unphased
1	596	111	0	2	0	0	1	unphased
1	597	106	0	2	0	0	1	unphased
1	598	100	0	2	0	0	1	unphased
1	599	99	0	2	0	0	1	unphased
1	600	105	0	2	0	0	1	unphased
1	601	93	0	2	0	0	1	unphased
1	602	118	0	2	0	0	1	unphased
1	603	100	0	2	0	0	1	unphased
1	604	106	0	2	0	0	1	unphased
1	605	102	0	2	0	0	1	unphased
1	606	92	0	2	0	0	1	unphased
1	607	103	0	2	0	0	1	unphased
1	608	116	0	2	0	0	1	unphased
1	609	86	0	2	0	0	1	unphased
1	610	116	0	2	0	0	1	unphased
1	611	90	0	2	0	0	1	unphased
1	612	83	0	2	0	0	1	unphased
1	613	117	0	2	0	0	1	unphased
1	614	105	0	2	0	0	1	unphased
1	615	125	0	2	0	0	1	unphased
1	616	100	0	2	0	0	1	unphased
1	617	108	0	2	0	0	1	unphased
1	618	102	0	2	0	0	1	unphased
1	619	111	0	2	0	0	1	unphased
1	620	101	0	2	0	0	1	unphased
1	621	122	0	2	0	0	1	unphased
1	622	97	0	2	0	0	1	unphased
1	623	93	0	2	0	0	1	unphased
1	624	98	0	2	0	0	1	unphased
1	625	104	0	2	0	0	1	unphased
1	626	121	0	2	0	0	1	unphased
1	627	92	0	2	0	0	1	unphased
1	628	100	0	2	0	0	1	unphased
1	629	105	0	2	0	0	1	unphased
1	630	96	0	2	0	0	1	unphased
1	631	110	0	2	0	0	1	unphased
1	632	96	0	2	0	0	1	unphased
1	633	107	0	2	0	0	1	unphased
1	634	88	0	2	0	0	1	unphased
1	635	119	0	2	0	0	1	unphased
1	636	94	0	2	0	0	1	unphased
1	637	94	0	2	0	0	1	unphased
1	638	104	0	2	0	0	1	unphased
1	639	96	0	2	0	0	1	unphased
1	640	104	0	2	0	0	1	unphased
1	641	74	0	2	0	0	1	unphased
1	642	113	0	2	0	0	1	unphased
1	643	108	0	2	0	0	1	unphased
1	644	87	0	2	0	0	1	unphased
1	645	90	0	2	0	0	1	unphased
1	646	95	0	2	0	0	1	unphased
1	647	112	0	2	0	0	1	unphased
1	648	106	0	2	0	0	1	unphased
1	649	100	0	2	0	0	1	unphased
1	650	88	0	2	0	0	1	unphased
1	651	98	0	2	0	0	1	unphased
1	652	94	0	2	0	0	1	unphased
1	653	75	0	2	0	0	1	unphased
1	654	103	0	2	0	0	1	unphased
1	655	91	0	2	0	0	1	unphased
1	656	103	0	2	0	0	1	unphased
1	657	89	0	2	0	0	1	unphased
1	658	96	0	2	0	0	1	unphased
1	659	99	0	2	0	0	1	unphased
1	660	98	0	2	0	0	1	unphased
1	661	119	0	2	0	0	1	unphased
1	662	89	0	2	0	0	1	unphased
1	663	87	0	2	0	0	1	unphased
1	664	107	0	2	0	0	1	unphased
1	665	92	0	2	0	0	1	unphased
1	666	98	0	2	0	0	1	unphased
1	667	100	0	2	0	0	1	unphased
1	668	109	0	2	0	0	1	unphased
1	669	90	0	2	0	0	1	unphased
1	670	103	0	2	0	0	1	unphased
1	671	89	0	2	0	0	1	unphased
1	672	95	0	2	0	0	1	unphased
1	673	110	0	2	0	0	1	unphased
1	674	85	0	2	0	0	1	unphased
1	675	94	0	2	0	0	1	unphased
1	676	87	0	2	0	0	1	unphased
1	677	102	0	2	0	0	1	unphased
1	678	102	0	2	0	0	1	unphased
1	679	116	0	2	0	0	1	unphased
1	680	89	0	2	0	0	1	unphased
1	681	95	0	2	0	0	1	unphased
1	682	84	0	2	0	0	1	unphased
1	683	90	0	2	0	0	1	unphased
1	684	106	0	2	0	0	1	unphased
1	685	105	0	2	0	0	1	unphased
1	686	99	0	2	0	0	1	unphased
1	687	94	0	2	0	0	1	unphased
1	688	97	0	2	0	0	1	unphased
1	689	106	0	2	0	0	1	unphased
1	690	98	0	2	0	0	1	unphased
1	691	98	0	2	0	0	1	unphased
1	692	115	0	2	0	0	1	unphased
1	693	113	0	2	0	0	1	unphased
1	694	87	0	2	0	0	1	unphased
1	695	100	0	2	0	0	1	unphased
1	696	81	0	2	0	0	1	unphased
1	697	104	0	2	0	0	1	unphased
1	698	106	0	2	0	0	1	unphased
1	699	111	0	2	0	0	1	unphased
1	700	84	0	2	0	0	1	unphased
1	701	126	0	2	0	0	1	unphased
1	702	97	0	2	0	0	1	unphased
1	703	106	0	2	0	0	1	unphased
1	704	98	0	2	0	0	1	unphased
1	705	86	0	2	0	0	1	unphased
1	706	95	0	2	0	0	1	unphased
1	707	83	0	2	0	0	1	unphased
1	708	101	0	2	0	0	1	unphased
1	709	111	0	2	0	0	1	unphased
1	710	120	0	2	0	0	1	unphased
1	711	89	0	2	0	0	1	unphased
1	712	83	0	2	0	0	1	unphased
1	713	101	0	2	0	0	1	unphased
1	714	94	0	2	0	0	1	unphased
1	715	101	0	2	0	0	1	unphased
1	716	84	0	2	0	0	1	unphased
1	717	103	0	2	0	0	1	unphased
1	718	90	0	2	0	0	1	unphased
1	719	99	0	2	0	0	1	unphased
1	720	90	0	2	0	0	1	unphased
1	721	116	0	2	0	0	1	unphased
1	722	90	0	2	0	0	1	unphased
1	723	90	0	2	0	0	1	unphased
1	724	95	0	2	0	0	1	unphased
1	725	100	0	2	0	0	1	unphased
1	726	120	0	2	0	0	1	unphased
1	727	94	0	2	0	0	1	unphased
1	728	99	0	2	0	0	1	unphased
1	729	91	0	2	0	0	1	unphased
1	730	115	0	2	0	0	1	unphased
1	731	92	0	2	0	0	1	unphased
1	732	110	0	2	0	0	1	unphased
1	733	106	0	2	0	0	1	unphased
1	734	111	0	2	0	0	1	unphased
1	735	101	0	2	0	0	1	unphased
1	736	122	0	2	0	0	1	unphased
1	737	94	0	2	0	0	1	unphased
1	738	103	0	2	0	0	1	unphased
1	739	89	0	2	0	0	1	unphased
1	740	98	0	2	0	0	1	unphased
1	741	107	0	2	0	0	1	unphased
1	742	77	0	2	0	0	1	unphased
1	743	93	0	2	0	0	1	unphased
1	744	106	0	2	0	0	1	unphased
1	745	110	0	2	0	0	1	unphased
1	746	86	0	2	0	0	1	unphased
1	747	114	0	2	0	0	1	unphased
1	748	91	0	2	0	0	1	unphased
1	749	103	0	2	0	0	1	unphased
1	750	96	0	2	0	0	1	unphased
1	751	99	0	2	0	0	1	unphased
1	752	99	0	2	0	0	1	unphased
1	753	105	0	2	0	0	1	unphased
1	754	89	0	2	0	0	1	unphased
1	755	101	0	2	0	0	1	unphased
1	756	106	0	2	0	0	1	unphased
1	757	92	0	2	0	0	1	unphased
1	758	95	0	2	0	0	1	unphased
1	759	87	0	2	0	0	1	unphased
1	760	88	0	2	0	0	1	unphased
1	761	94	0	2	0	0	1	unphased
1	762	114	0	2	0	0	1	unphased
1	763	101	0	2	0	0	1	unphased
1	764	94	0	2	0	0	1	unphased
1	765	113	0	2	0	0	1	unphased
1	766	115	0	2	0	0	1	unphased
1	767	109	0	2	0	0	1	unphased
1	768	112	0	2	0	0	1	unphased
1	769	110	0	2	0	0	1	unphased
1	770	99	0	2	0	0	1	unphased
1	771	114	0	2	0	0	1	unphased
1	772	99	0	2	0	0	1	unphased
1	773	96	0	2	0	0	1	unphased
1	774	110	0	2	0	0	1	unphased
1	775	104	0	2	0	0	1	unphased
1	776	107	0	2	0	0	1	unphased
1	777	100	0	2	0	0	1	unphased
1	778	81	0	2	0	0	1	unphased
1	779	123	0	2	0	0	1	unphased
1	780	95	0	2	0	0	1	unphased
1	781	99	0	2	0	0	1	unphased
1	782	112	0	2	0	0	1	unphased
1	783	118	0	2	0	0	1	unphased
1	784	93	0	2	0	0	1	unphased
1	785	84	0	2	0	0	1	unphased
1	786	103	0	2	0	0	1	unphased
1	787	114	0	2	0	0	1	unphased
1	788	99	0	2	0	0	1	unphased
1	789	100	0	2	0	0	1	unphased
1	790	105	0	2	0	0	1	unphased
1	791	98	0	2	0	0	1	unphased
1	792	87	0	2	0	0	1	unphased
1	793	103	0	2	0	0	1	unphased
1	794	88	0	2	0	0	1	unphased
1	795	95	0	2	0	0	1	unphased
1	796	92	0	2	0	0	1	unphased
1	797	100	0	2	0	0	1	unphased
1	798	99	0	2	0	0	1	unphased
1	799	99	0	2	0	0	1	unphased
1	800	93	0	2	0	0	1	unphased
1	801	73	49	2	0.80327868852459	0.80327868852459	1	unphased
1	802	82	48	2	0.738461538461539	0.738461538461539	1	unphased
1	803	67	40	2	0.747663551401869	0.747663551401869	1	unphased
1	804	37	59	2	1.22916666666667	1.22916666666667	1	unphased
1	805	49	47	2	0.979166666666667	0.979166666666667	1	unphased
1	806	34	57	2	1.25274725274725	1.25274725274725	1	unphased
1	807	62	49	2	0.882882882882883	0.882882882882883	1	unphased
1	808	48	56	2	1.07692307692308	1.07692307692308	1	unphased
1	809	52	47	2	0.94949494949495	0.94949494949495	1	unphased
1	810	40	56	2	1.16666666666667	1.16666666666667	1	unphased
1	811	49	54	2	1.04854368932039	1.04854368932039	1	unphased
1	812	36	58	2	1.23404255319149	1.23404255319149	1	unphased
1	813	58	50	2	0.925925925925926	0.925925925925926	1	unphased
1	814	59	50	2	0.91743119266055	0.91743119266055	1	unphased
1	815	31	57	2	1.29545454545455	1.29545454545455	1	unphased
1	816	48	47	2	0.989473684210526	0.989473684210526	1	unphased
1	817	29	46	2	1.22666666666667	1.22666666666667	1	unphased
1	818	53	52	2	0.99047619047619	0.99047619047619	1	unphased
1	819	58	49	2	0.91588785046729	0.91588785046729	1	unphased
1	820	48	58	2	1.09433962264151	1.09433962264151	1	unphased
1	821	69	48	2	0.82051282051282	0.82051282051282	1	unphased
1	822	52	52	2	1	1	1	unphased
1	823	54	52	2	0.981132075471698	0.981132075471698	1	unphased
1	824	37	48	2	1.12941176470588	1.12941176470588	1	unphased
1	825	59	43	2	0.843137254901961	0.843137254901961	1	unphased
1	826	36	50	2	1.16279069767442	1.16279069767442	1	unphased
1	827	56	48	2	0.923076923076923	0.923076923076923	1	unphased
1	828	36	53	2	1.19101123595506	1.19101123595506	1	unphased
1	829	45	48	2	1.03225806451613	1.03225806451613	1	unphased
1	830	69	50	2	0.840336134453782	0.840336134453782	1	unphased
1	831	39	53	2	1.15217391304348	1.15217391304348	1	unphased
1	832	72	45	2	0.769230769230769	0.769230769230769	1	unphased
1	833	59	50	2	0.91743119266055	0.91743119266055	1	unphased
1	834	46	50	2	1.04166666666667	1.04166666666667	1	unphased
1	835	52	51	2	0.990291262135922	0.990291262135922	1	unphased
1	836	39	61	2	1.22	1.22	1	unphased
1	837	48	45	2	0.967741935483871	0.967741935483871	1	unphased
1	838	42	47	2	1.0561797752809	1.0561797752809	1	unphased
1	839	70	51	2	0.84297520661157	0.84297520661157	1	unphased
1	840	37	54	2	1.18681318681319	1.18681318681319	1	unphased
1	841	50	47	2	0.969072164948454	0.969072164948454	1	unphased
1	842	19	54	2	1.47945205479452	1.47945205479452	1	unphased
1	843	54	38	2	0.826086956521739	0.826086956521739	1	unphased
1	844	64	51	2	0.88695652173913	0.88695652173913	1	unphased
1	845	73	43	2	0.741379310344828	0.741379310344828	1	unphased
1	846	56	47	2	0.912621359223301	0.912621359223301	1	unphased
1	847	64	52	2	0.896551724137931	0.896551724137931	1	unphased
1	848	46	47	2	1.01075268817204	1.01075268817204	1	unphased
1	849	36	59	2	1.24210526315789	1.24210526315789	1	unphased
1	850	49	41	2	0.911111111111111	0.911111111111111	1	unphased
1	851	48	52	2	1.04	1.04	1	unphased
1	852	44	53	2	1.09278350515464	1.09278350515464	1	unphased
1	853	47	47	2	1	1	1	unphased
1	854	58	51	2	0.935779816513762	0.935779816513762	1	unphased
1	855	46	49	2	1.03157894736842	1.03157894736842	1	unphased
1	856	55	49	2	0.942307692307692	0.942307692307692	1	unphased
1	857	50	49	2	0.98989898989899	0.98989898989899	1	unphased
1	858	47	58	2	1.1047619047619	1.1047619047619	1	unphased
1	859	55	47	2	0.92156862745098	0.92156862745098	1	unphased
1	860	53	52	2	0.99047619047619	0.99047619047619	1	unphased
1	861	67	50	2	0.854700854700855	0.854700854700855	1	unphased
1	862	51	51	2	1	1	1	unphased
1	863	35	53	2	1.20454545454545	1.20454545454545	1	unphased
1	864	65	46	2	0.828828828828829	0.828828828828829	1	unphased
1	865	44	57	2	1.12871287128713	1.12871287128713	1	unphased
1	866	43	52	2	1.09473684210526	1.09473684210526	1	unphased
1	867	40	57	2	1.17525773195876	1.17525773195876	1	unphased
1	868	41	51	2	1.10869565217391	1.10869565217391	1	unphased
1	869	68	51	2	0.857142857142857	0.857142857142857	1	unphased
1	870	46	54	2	1.08	1.08	1	unphased
1	871	50	44	2	0.936170212765957	0.936170212765957	1	unphased
1	872	79	48	2	0.755905511811024	0.755905511811024	1	unphased
1	873	56	44	2	0.88	0.88	1	unphased
1	874	55	48	2	0.932038834951456	0.932038834951456	1	unphased
1	875	56	48	2	0.923076923076923	0.923076923076923	1	unphased
1	876	49	53	2	1.03921568627451	1.03921568627451	1	unphased
1	877	41	47	2	1.06818181818182	1.06818181818182	1	unphased
1	878	44	47	2	1.03296703296703	1.03296703296703	1	unphased
1	879	50	50	2	1	1	1	unphased
1	880	47	59	2	1.11320754716981	1.11320754716981	1	unphased
1	881	29	55	2	1.30952380952381	1.30952380952381	1	unphased
1	882	62	52	2	0.912280701754386	0.912280701754386	1	unphased
1	883	56	48	2	0.923076923076923	0.923076923076923	1	unphased
1	884	36	56	2	1.21739130434783	1.21739130434783	1	unphased
1	885	47	52	2	1.05050505050505	1.05050505050505	1	unphased
1	886	42	48	2	1.06666666666667	1.06666666666667	1	unphased
1	887	39	57	2	1.1875	1.1875	1	unphased
1	888	56	52	2	0.962962962962963	0.962962962962963	1	unphased
1	889	32	52	2	1.23809523809524	1.23809523809524	1	unphased
1	890	63	46	2	0.844036697247706	0.844036697247706	1	unphased
1	891	46	58	2	1.11538461538462	1.11538461538462	1	unphased
1	892	49	44	2	0.946236559139785	0.946236559139785	1	unphased
1	893	70	41	2	0.738738738738739	0.738738738738739	1	unphased
1	894	58	51	2	0.935779816513762	0.935779816513762	1	unphased
1	895	61	42	2	0.815533980582524	0.815533980582524	1	unphased
1	896	38	53	2	1.16483516483516	1.16483516483516	1	unphased
1	897	40	52	2	1.1304347826087	1.1304347826087	1	unphased
1	898	29	59	2	1.34090909090909	1.34090909090909	1	unphased
1	899	37	59	2	1.22916666666667	1.22916666666667	1	unphased
1	900	49	49	2	1	1	1	unphased
