chr	end	WT.count	mut.count	subclonal.CN	mutation.copy.number	subclonal.fraction	no.chrs.bearing.mut	phase
1	1	60	48	2	0.888888888888889	0.888888888888889	1	unphased
1	2	42	54	2	1.125	1.125	1	unphased
1	3	28	51	2	1.29113924050633	1.29113924050633	1	unphased
1	4	52	48	2	0.96	0.96	1	unphased
1	5	69	54	2	0.878048780487805	0.878048780487805	1	unphased
1	6	39	54	2	1.16129032258065	1.16129032258065	1	unphased
1	7	33	56	2	1.25842696629213	1.25842696629213	1	unphased
1	8	31	50	2	1.23456790123457	1.23456790123457	1	unphased
1	9	36	44	2	1.1	1.1	1	unphased
1	10	36	58	2	1.23404255319149	1.23404255319149	1	unphased
1	11	42	45	2	1.03448275862069	1.03448275862069	1	unphased
1	12	47	52	2	1.05050505050505	1.05050505050505	1	unphased
1	13	46	48	2	1.02127659574468	1.02127659574468	1	unphased
1	14	49	40	2	0.898876404494382	0.898876404494382	1	unphased
1	15	55	53	2	0.981481481481482	0.981481481481482	1	unphased
1	16	61	52	2	0.920353982300885	0.920353982300885	1	unphased
1	17	38	49	2	1.1264367816092	1.1264367816092	1	unphased
1	18	30	59	2	1.32584269662921	1.32584269662921	1	unphased
1	19	53	51	2	0.980769230769231	0.980769230769231	1	unphased
1	20	35	58	2	1.24731182795699	1.24731182795699	1	unphased
1	21	49	61	2	1.10909090909091	1.10909090909091	1	unphased
1	22	44	53	2	1.09278350515464	1.09278350515464	1	unphased
1	23	58	51	2	0.935779816513762	0.935779816513762	1	unphased
1	24	30	67	2	1.38144329896907	1.38144329896907	1	unphased
1	25	71	51	2	0.836065573770492	0.836065573770492	1	unphased
1	26	39	48	2	1.10344827586207	1.10344827586207	1	unphased
1	27	54	59	2	1.04424778761062	1.04424778761062	1	unphased
1	28	69	49	2	0.830508474576271	0.830508474576271	1	unphased
1	29	51	55	2	1.0377358490566	1.0377358490566	1	unphased
1	30	35	50	2	1.17647058823529	1.17647058823529	1	unphased
1	31	62	50	2	0.892857142857143	0.892857142857143	1	unphased
1	32	44	53	2	1.09278350515464	1.09278350515464	1	unphased
1	33	48	46	2	0.978723404255319	0.978723404255319	1	unphased
1	34	57	52	2	0.954128440366973	0.954128440366973	1	unphased
1	35	29	56	2	1.31764705882353	1.31764705882353	1	unphased
1	36	51	41	2	0.891304347826087	0.891304347826087	1	unphased
1	37	59	49	2	0.907407407407407	0.907407407407407	1	unphased
1	38	40	49	2	1.10112359550562	1.10112359550562	1	unphased
1	39	56	46	2	0.901960784313726	0.901960784313726	1	unphased
1	40	39	54	2	1.16129032258065	1.16129032258065	1	unphased
1	41	38	45	2	1.08433734939759	1.08433734939759	1	unphased
1	42	58	55	2	0.973451327433628	0.973451327433628	1	unphased
1	43	62	48	2	0.872727272727273	0.872727272727273	1	unphased
1	44	52	52	2	1	1	1	unphased
1	45	54	49	2	0.951456310679612	0.951456310679612	1	unphased
1	46	41	43	2	1.02380952380952	1.02380952380952	1	unphased
1	47	40	48	2	1.09090909090909	1.09090909090909	1	unphased
1	48	44	47	2	1.03296703296703	1.03296703296703	1	unphased
1	49	67	51	2	0.864406779661017	0.864406779661017	1	unphased
1	50	53	52	2	0.99047619047619	0.99047619047619	1	unphased
1	51	64	47	2	0.846846846846847	0.846846846846847	1	unphased
1	52	33	48	2	1.18518518518519	1.18518518518519	1	unphased
1	53	47	46	2	0.989247311827957	0.989247311827957	1	unphased
1	54	63	49	2	0.875	0.875	1	unphased
1	55	44	38	2	0.926829268292683	0.926829268292683	1	unphased
1	56	51	46	2	0.948453608247423	0.948453608247423	1	unphased
1	57	56	49	2	0.933333333333333	0.933333333333333	1	unphased
1	58	52	47	2	0.94949494949495	0.94949494949495	1	unphased
1	59	39	57	2	1.1875	1.1875	1	unphased
1	60	64	38	2	0.745098039215686	0.745098039215686	1	unphased
1	61	26	52	2	1.33333333333333	1.33333333333333	1	unphased
1	62	80	46	2	0.73015873015873	0.73015873015873	1	unphased
1	63	52	46	2	0.938775510204082	0.938775510204082	1	unphased
1	64	41	59	2	1.18	1.18	1	unphased
1	65	58	54	2	0.964285714285714	0.964285714285714	1	unphased
1	66	47	48	2	1.01052631578947	1.01052631578947	1	unphased
1	67	63	49	2	0.875	0.875	1	unphased
1	68	41	49	2	1.08888888888889	1.08888888888889	1	unphased
1	69	42	48	2	1.06666666666667	1.06666666666667	1	unphased
1	70	48	47	2	0.989473684210526	0.989473684210526	1	unphased
1	71	35	54	2	1.21348314606742	1.21348314606742	1	unphased
1	72	40	56	2	1.16666666666667	1.16666666666667	1	unphased
1	73	48	51	2	1.03030303030303	1.03030303030303	1	unphased
1	74	39	59	2	1.20408163265306	1.20408163265306	1	unphased
1	75	33	54	2	1.24137931034483	1.24137931034483	1	unphased
1	76	30	58	2	1.31818181818182	1.31818181818182	1	unphased
1	77	46	52	2	1.06122448979592	1.06122448979592	1	unphased
1	78	45	51	2	1.0625	1.0625	1	unphased
1	79	65	50	2	0.869565217391304	0.869565217391304	1	unphased
1	80	55	52	2	0.97196261682243	0.97196261682243	1	unphased
1	81	60	58	2	0.983050847457627	0.983050847457627	1	unphased
1	82	50	54	2	1.03846153846154	1.03846153846154	1	unphased
1	83	46	51	2	1.05154639175258	1.05154639175258	1	unphased
1	84	49	46	2	0.968421052631579	0.968421052631579	1	unphased
1	85	64	47	2	0.846846846846847	0.846846846846847	1	unphased
1	86	59	45	2	0.865384615384615	0.865384615384615	1	unphased
1	87	54	52	2	0.981132075471698	0.981132075471698	1	unphased
1	88	49	55	2	1.05769230769231	1.05769230769231	1	unphased
1	89	58	58	2	1	1	1	unphased
1	90	67	45	2	0.803571428571429	0.803571428571429	1	unphased
1	91	45	45	2	1	1	1	unphased
1	92	49	48	2	0.989690721649485	0.989690721649485	1	unphased
1	93	49	46	2	0.968421052631579	0.968421052631579	1	unphased
1	94	69	39	2	0.722222222222222	0.722222222222222	1	unphased
1	95	62	44	2	0.830188679245283	0.830188679245283	1	unphased
1	96	52	55	2	1.02803738317757	1.02803738317757	1	unphased
1	97	50	55	2	1.04761904761905	1.04761904761905	1	unphased
1	98	57	52	2	0.954128440366973	0.954128440366973	1	unphased
1	99	50	52	2	1.01960784313725	1.01960784313725	1	unphased
1	100	34	49	2	1.18072289156627	1.18072289156627	1	unphased
1	101	63	49	2	0.875	0.875	1	unphased
1	102	45	52	2	1.07216494845361	1.07216494845361	1	unphased
1	103	54	46	2	0.92	0.92	1	unphased
1	104	59	53	2	0.946428571428571	0.946428571428571	1	unphased
1	105	58	42	2	0.84	0.84	1	unphased
1	106	46	47	2	1.01075268817204	1.01075268817204	1	unphased
1	107	49	46	2	0.968421052631579	0.968421052631579	1	unphased
1	108	47	50	2	1.03092783505155	1.03092783505155	1	unphased
1	109	80	45	2	0.72	0.72	1	unphased
1	110	42	52	2	1.1063829787234	1.1063829787234	1	unphased
1	111	57	44	2	0.871287128712871	0.871287128712871	1	unphased
1	112	49	51	2	1.02	1.02	1	unphased
1	113	55	54	2	0.990825688073395	0.990825688073395	1	unphased
1	114	56	56	2	1	1	1	unphased
1	115	61	46	2	0.85981308411215	0.85981308411215	1	unphased
1	116	50	50	2	1	1	1	unphased
1	117	75	42	2	0.717948717948718	0.717948717948718	1	unphased
1	118	65	46	2	0.828828828828829	0.828828828828829	1	unphased
1	119	69	44	2	0.778761061946903	0.778761061946903	1	unphased
1	120	50	53	2	1.02912621359223	1.02912621359223	1	unphased
1	121	71	45	2	0.775862068965517	0.775862068965517	1	unphased
1	122	48	51	2	1.03030303030303	1.03030303030303	1	unphased
1	123	46	54	2	1.08	1.08	1	unphased
1	124	49	54	2	1.04854368932039	1.04854368932039	1	unphased
1	125	44	47	2	1.03296703296703	1.03296703296703	1	unphased
1	126	60	47	2	0.878504672897196	0.878504672897196	1	unphased
1	127	60	54	2	0.947368421052632	0.947368421052632	1	unphased
1	128	47	51	2	1.04081632653061	1.04081632653061	1	unphased
1	129	49	46	2	0.968421052631579	0.968421052631579	1	unphased
1	130	57	56	2	0.991150442477876	0.991150442477876	1	unphased
1	131	68	56	2	0.903225806451613	0.903225806451613	1	unphased
1	132	60	56	2	0.96551724137931	0.96551724137931	1	unphased
1	133	36	53	2	1.19101123595506	1.19101123595506	1	unphased
1	134	56	44	2	0.88	0.88	1	unphased
1	135	48	48	2	1	1	1	unphased
1	136	44	53	2	1.09278350515464	1.09278350515464	1	unphased
1	137	44	51	2	1.07368421052632	1.07368421052632	1	unphased
1	138	69	41	2	0.745454545454545	0.745454545454545	1	unphased
1	139	74	48	2	0.786885245901639	0.786885245901639	1	unphased
1	140	52	50	2	0.980392156862745	0.980392156862745	1	unphased
1	141	38	50	2	1.13636363636364	1.13636363636364	1	unphased
1	142	53	45	2	0.918367346938776	0.918367346938776	1	unphased
1	143	51	51	2	1	1	1	unphased
1	144	41	58	2	1.17171717171717	1.17171717171717	1	unphased
1	145	35	60	2	1.26315789473684	1.26315789473684	1	unphased
1	146	43	51	2	1.08510638297872	1.08510638297872	1	unphased
1	147	37	47	2	1.11904761904762	1.11904761904762	1	unphased
1	148	50	50	2	1	1	1	unphased
1	149	35	50	2	1.17647058823529	1.17647058823529	1	unphased
1	150	28	54	2	1.31707317073171	1.31707317073171	1	unphased
1	151	61	53	2	0.929824561403509	0.929824561403509	1	unphased
1	152	38	55	2	1.18279569892473	1.18279569892473	1	unphased
1	153	50	58	2	1.07407407407407	1.07407407407407	1	unphased
1	154	62	53	2	0.921739130434783	0.921739130434783	1	unphased
1	155	61	50	2	0.900900900900901	0.900900900900901	1	unphased
1	156	62	46	2	0.851851851851852	0.851851851851852	1	unphased
1	157	40	60	2	1.2	1.2	1	unphased
1	158	31	49	2	1.225	1.225	1	unphased
1	159	54	43	2	0.88659793814433	0.88659793814433	1	unphased
1	160	66	50	2	0.862068965517241	0.862068965517241	1	unphased
1	161	27	65	2	1.41304347826087	1.41304347826087	1	unphased
1	162	43	57	2	1.14	1.14	1	unphased
1	163	67	49	2	0.844827586206897	0.844827586206897	1	unphased
1	164	47	48	2	1.01052631578947	1.01052631578947	1	unphased
1	165	39	52	2	1.14285714285714	1.14285714285714	1	unphased
1	166	25	57	2	1.39024390243902	1.39024390243902	1	unphased
1	167	29	48	2	1.24675324675325	1.24675324675325	1	unphased
1	168	48	53	2	1.04950495049505	1.04950495049505	1	unphased
1	169	37	51	2	1.15909090909091	1.15909090909091	1	unphased
1	170	39	56	2	1.17894736842105	1.17894736842105	1	unphased
1	171	65	45	2	0.818181818181818	0.818181818181818	1	unphased
1	172	64	49	2	0.867256637168142	0.867256637168142	1	unphased
1	173	55	47	2	0.92156862745098	0.92156862745098	1	unphased
1	174	49	50	2	1.01010101010101	1.01010101010101	1	unphased
1	175	64	53	2	0.905982905982906	0.905982905982906	1	unphased
1	176	38	58	2	1.20833333333333	1.20833333333333	1	unphased
1	177	30	56	2	1.30232558139535	1.30232558139535	1	unphased
1	178	33	51	2	1.21428571428571	1.21428571428571	1	unphased
1	179	60	45	2	0.857142857142857	0.857142857142857	1	unphased
1	180	58	51	2	0.935779816513762	0.935779816513762	1	unphased
1	181	47	46	2	0.989247311827957	0.989247311827957	1	unphased
1	182	43	53	2	1.10416666666667	1.10416666666667	1	unphased
1	183	58	57	2	0.991304347826087	0.991304347826087	1	unphased
1	184	57	43	2	0.86	0.86	1	unphased
1	185	48	57	2	1.08571428571429	1.08571428571429	1	unphased
1	186	44	53	2	1.09278350515464	1.09278350515464	1	unphased
1	187	43	53	2	1.10416666666667	1.10416666666667	1	unphased
1	188	53	41	2	0.872340425531915	0.872340425531915	1	unphased
1	189	49	50	2	1.01010101010101	1.01010101010101	1	unphased
1	190	42	45	2	1.03448275862069	1.03448275862069	1	unphased
1	191	40	52	2	1.1304347826087	1.1304347826087	1	unphased
1	192	55	54	2	0.990825688073395	0.990825688073395	1	unphased
1	193	68	56	2	0.903225806451613	0.903225806451613	1	unphased
1	194	41	49	2	1.08888888888889	1.08888888888889	1	unphased
1	195	43	54	2	1.11340206185567	1.11340206185567	1	unphased
1	196	51	48	2	0.96969696969697	0.96969696969697	1	unphased
1	197	68	49	2	0.837606837606838	0.837606837606838	1	unphased
1	198	50	47	2	0.969072164948454	0.969072164948454	1	unphased
1	199	58	48	2	0.905660377358491	0.905660377358491	1	unphased
1	200	65	49	2	0.859649122807018	0.859649122807018	1	unphased
1	201	102	0	2	0	0	1	unphased
1	202	96	0	2	0	0	1	unphased
1	203	86	0	2	0	0	1	unphased
1	204	92	0	2	0	0	1	unphased
1	205	115	0	2	0	0	1	unphased
1	206	94	0	2	0	0	1	unphased
1	207	95	0	2	0	0	1	unphased
1	208	101	0	2	0	0	1	unphased
1	209	82	0	2	0	0	1	unphased
1	210	115	0	2	0	0	1	unphased
1	211	86	0	2	0	0	1	unphased
1	212	103	0	2	0	0	1	unphased
1	213	111	0	2	0	0	1	unphased
1	214	116	0	2	0	0	1	unphased
1	215	101	0	2	0	0	1	unphased
1	216	110	0	2	0	0	1	unphased
1	217	99	0	2	0	0	1	unphased
1	218	99	0	2	0	0	1	unphased
1	219	99	0	2	0	0	1	unphased
1	220	90	0	2	0	0	1	unphased
1	221	104	0	2	0	0	1	unphased
1	222	109	0	2	0	0	1	unphased
1	223	83	0	2	0	0	1	unphased
1	224	103	0	2	0	0	1	unphased
1	225	108	0	2	0	0	1	unphased
1	226	98	0	2	0	0	1	unphased
1	227	107	0	2	0	0	1	unphased
1	228	95	0	2	0	0	1	unphased
1	229	93	0	2	0	0	1	unphased
1	230	91	0	2	0	0	1	unphased
1	231	103	0	2	0	0	1	unphased
1	232	90	0	2	0	0	1	unphased
1	233	93	0	2	0	0	1	unphased
1	234	96	0	2	0	0	1	unphased
1	235	83	0	2	0	0	1	unphased
1	236	92	0	2	0	0	1	unphased
1	237	88	0	2	0	0	1	unphased
1	238	115	0	2	0	0	1	unphased
1	239	97	0	2	0	0	1	unphased
1	240	95	0	2	0	0	1	unphased
1	241	83	0	2	0	0	1	unphased
1	242	100	0	2	0	0	1	unphased
1	243	93	0	2	0	0	1	unphased
1	244	90	0	2	0	0	1	unphased
1	245	101	0	2	0	0	1	unphased
1	246	80	0	2	0	0	1	unphased
1	247	119	0	2	0	0	1	unphased
1	248	104	0	2	0	0	1	unphased
1	249	102	0	2	0	0	1	unphased
1	250	84	0	2	0	0	1	unphased
1	251	106	0	2	0	0	1	unphased
1	252	102	0	2	0	0	1	unphased
1	253	89	0	2	0	0	1	unphased
1	254	94	0	2	0	0	1	unphased
1	255	102	0	2	0	0	1	unphased
1	256	103	0	2	0	0	1	unphased
1	257	95	0	2	0	0	1	unphased
1	258	93	0	2	0	0	1	unphased
1	259	99	0	2	0	0	1	unphased
1	260	116	0	2	0	0	1	unphased
1	261	89	0	2	0	0	1	unphased
1	262	97	0	2	0	0	1	unphased
1	263	107	0	2	0	0	1	unphased
1	264	108	0	2	0	0	1	unphased
1	265	93	0	2	0	0	1	unphased
1	266	90	0	2	0	0	1	unphased
1	267	108	0	2	0	0	1	unphased
1	268	94	0	2	0	0	1	unphased
1	269	85	0	2	0	0	1	unphased
1	270	83	0	2	0	0	1	unphased
1	271	105	0	2	0	0	1	unphased
1	272	91	0	2	0	0	1	unphased
1	273	98	0	2	0	0	1	unphased
1	274	85	0	2	0	0	1	unphased
1	275	88	0	2	0	0	1	unphased
1	276	89	0	2	0	0	1	unphased
1	277	88	0	2	0	0	1	unphased
1	278	101	0	2	0	0	1	unphased
1	279	116	0	2	0	0	1	unphased
1	280	111	0	2	0	0	1	unphased
1	281	104	0	2	0	0	1	unphased
1	282	87	0	2	0	0	1	unphased
1	283	100	0	2	0	0	1	unphased
1	284	126	0	2	0	0	1	unphased
1	285	94	0	2	0	0	1	unphased
1	286	76	0	2	0	0	1	unphased
1	287	108	0	2	0	0	1	unphased
1	288	117	0	2	0	0	1	unphased
1	289	103	0	2	0	0	1	unphased
1	290	103	0	2	0	0	1	unphased
1	291	106	0	2	0	0	1	unphased
1	292	85	0	2	0	0	1	unphased
1	293	100	0	2	0	0	1	unphased
1	294	110	0	2	0	0	1	unphased
1	295	111	0	2	0	0	1	unphased
1	296	103	0	2	0	0	1	unphased
1	297	117	0	2	0	0	1	unphased
1	298	97	0	2	0	0	1	unphased
1	299	104	0	2	0	0	1	unphased
1	300	105	0	2	0	0	1	unphased
1	301	112	0	2	0	0	1	unphased
1	302	103	0	2	0	0	1	unphased
1	303	107	0	2	0	0	1	unphased
1	304	108	0	2	0	0	1	unphased
1	305	92	0	2	0	0	1	unphased
1	306	112	0	2	0	0	1	unphased
1	307	106	0	2	0	0	1	unphased
1	308	92	0	2	0	0	1	unphased
1	309	98	0	2	0	0	1	unphased
1	310	102	0	2	0	0	1	unphased
1	311	100	0	2	0	0	1	unphased
1	312	99	0	2	0	0	1	unphased
1	313	116	0	2	0	0	1	unphased
1	314	87	0	2	0	0	1	unphased
1	315	100	0	2	0	0	1	unphased
1	316	112	0	2	0	0	1	unphased
1	317	95	0	2	0	0	1	unphased
1	318	106	0	2	0	0	1	unphased
1	319	92	0	2	0	0	1	unphased
1	320	92	0	2	0	0	1	unphased
1	321	98	0	2	0	0	1	unphased
1	322	103	0	2	0	0	1	unphased
1	323	106	0	2	0	0	1	unphased
1	324	100	0	2	0	0	1	unphased
1	325	100	0	2	0	0	1	unphased
1	326	108	0	2	0	0	1	unphased
1	327	81	0	2	0	0	1	unphased
1	328	96	0	2	0	0	1	unphased
1	329	116	0	2	0	0	1	unphased
1	330	93	0	2	0	0	1	unphased
1	331	96	0	2	0	0	1	unphased
1	332	114	0	2	0	0	1	unphased
1	333	116	0	2	0	0	1	unphased
1	334	98	0	2	0	0	1	unphased
1	335	101	0	2	0	0	1	unphased
1	336	105	0	2	0	0	1	unphased
1	337	89	0	2	0	0	1	unphased
1	338	104	0	2	0	0	1	unphased
1	339	90	0	2	0	0	1	unphased
1	340	95	0	2	0	0	1	unphased
1	341	86	0	2	0	0	1	unphased
1	342	117	0	2	0	0	1	unphased
1	343	108	0	2	0	0	1	unphased
1	344	105	0	2	0	0	1	unphased
1	345	92	0	2	0	0	1	unphased
1	346	94	0	2	0	0	1	unphased
1	347	95	0	2	0	0	1	unphased
1	348	110	0	2	0	0	1	unphased
1	349	88	0	2	0	0	1	unphased
1	350	91	0	2	0	0	1	unphased
1	351	112	0	2	0	0	1	unphased
1	352	96	0	2	0	0	1	unphased
1	353	102	0	2	0	0	1	unphased
1	354	105	0	2	0	0	1	unphased
1	355	101	0	2	0	0	1	unphased
1	356	115	0	2	0	0	1	unphased
1	357	99	0	2	0	0	1	unphased
1	358	91	0	2	0	0	1	unphased
1	359	110	0	2	0	0	1	unphased
1	360	96	0	2	0	0	1	unphased
1	361	91	0	2	0	0	1	unphased
1	362	108	0	2	0	0	1	unphased
1	363	119	0	2	0	0	1	unphased
1	364	90	0	2	0	0	1	unphased
1	365	94	0	2	0	0	1	unphased
1	366	98	0	2	0	0	1	unphased
1	367	102	0	2	0	0	1	unphased
1	368	92	0	2	0	0	1	unphased
1	369	110	0	2	0	0	1	unphased
1	370	90	0	2	0	0	1	unphased
1	371	114	0	2	0	0	1	unphased
1	372	109	0	2	0	0	1	unphased
1	373	109	0	2	0	0	1	unphased
1	374	106	0	2	0	0	1	unphased
1	375	112	0	2	0	0	1	unphased
1	376	111	0	2	0	0	1	unphased
1	377	111	0	2	0	0	1	unphased
1	378	100	0	2	0	0	1	unphased
1	379	100	0	2	0	0	1	unphased
1	380	93	0	2	0	0	1	unphased
1	381	82	0	2	0	0	1	unphased
1	382	99	0	2	0	0	1	unphased
1	383	109	0	2	0	0	1	unphased
1	384	105	0	2	0	0	1	unphased
1	385	111	0	2	0	0	1	unphased
1	386	80	0	2	0	0	1	unphased
1	387	87	0	2	0	0	1	unphased
1	388	108	0	2	0	0	1	unphased
1	389	111	0	2	0	0	1	unphased
1	390	92	0	2	0	0	1	unphased
1	391	91	0	2	0	0	1	unphased
1	392	112	0	2	0	0	1	unphased
1	393	104	0	2	0	0	1	unphased
1	394	117	0	2	0	0	1	unphased
1	395	109	0	2	0	0	1	unphased
1	396	101	0	2	0	0	1	unphased
1	397	110	0	2	0	0	1	unphased
1	398	105	0	2	0	0	1	unphased
1	399	99	0	2	0	0	1	unphased
1	400	95	0	2	0	0	1	unphased
1	401	57	50	2	0.934579439252336	0.934579439252336	1	unphased
1	402	74	46	2	0.766666666666667	0.766666666666667	1	unphased
1	403	59	44	2	0.854368932038835	0.854368932038835	1	unphased
1	404	33	53	2	1.23255813953488	1.23255813953488	1	unphased
1	405	60	49	2	0.89908256880734	0.89908256880734	1	unphased
1	406	42	50	2	1.08695652173913	1.08695652173913	1	unphased
1	407	78	48	2	0.761904761904762	0.761904761904762	1	unphased
1	408	41	49	2	1.08888888888889	1.08888888888889	1	unphased
1	409	66	44	2	0.8	0.8	1	unphased
1	410	57	48	2	0.914285714285714	0.914285714285714	1	unphased
1	411	72	45	2	0.769230769230769	0.769230769230769	1	unphased
1	412	46	50	2	1.04166666666667	1.04166666666667	1	unphased
1	413	44	55	2	1.11111111111111	1.11111111111111	1	unphased
1	414	54	49	2	0.951456310679612	0.951456310679612	1	unphased
1	415	46	42	2	0.954545454545455	0.954545454545455	1	unphased
1	416	53	52	2	0.99047619047619	0.99047619047619	1	unphased
1	417	38	53	2	1.16483516483516	1.16483516483516	1	unphased
1	418	58	48	2	0.905660377358491	0.905660377358491	1	unphased
1	419	43	46	2	1.03370786516854	1.03370786516854	1	unphased
1	420	46	56	2	1.09803921568627	1.09803921568627	1	unphased
1	421	23	52	2	1.38666666666667	1.38666666666667	1	unphased
1	422	54	48	2	0.941176470588235	0.941176470588235	1	unphased
1	423	51	44	2	0.926315789473684	0.926315789473684	1	unphased
1	424	43	45	2	1.02272727272727	1.02272727272727	1	unphased
1	425	65	42	2	0.785046728971963	0.785046728971963	1	unphased
1	426	63	57	2	0.95	0.95	1	unphased
1	427	49	57	2	1.07547169811321	1.07547169811321	1	unphased
1	428	50	41	2	0.901098901098901	0.901098901098901	1	unphased
1	429	48	52	2	1.04	1.04	1	unphased
1	430	39	55	2	1.17021276595745	1.17021276595745	1	unphased
1	431	63	46	2	0.844036697247706	0.844036697247706	1	unphased
1	432	44	43	2	0.988505747126437	0.988505747126437	1	unphased
1	433	39	55	2	1.17021276595745	1.17021276595745	1	unphased
1	434	47	42	2	0.943820224719101	0.943820224719101	1	unphased
1	435	65	53	2	0.898305084745763	0.898305084745763	1	unphased
1	436	68	54	2	0.885245901639344	0.885245901639344	1	unphased
1	437	37	54	2	1.18681318681319	1.18681318681319	1	unphased
1	438	48	54	2	1.05882352941176	1.05882352941176	1	unphased
1	439	47	54	2	1.06930693069307	1.06930693069307	1	unphased
1	440	23	53	2	1.39473684210526	1.39473684210526	1	unphased
1	441	40	57	2	1.17525773195876	1.17525773195876	1	unphased
1	442	34	55	2	1.23595505617978	1.23595505617978	1	unphased
1	443	39	52	2	1.14285714285714	1.14285714285714	1	unphased
1	444	49	50	2	1.01010101010101	1.01010101010101	1	unphased
1	445	39	56	2	1.17894736842105	1.17894736842105	1	unphased
1	446	47	45	2	0.978260869565217	0.978260869565217	1	unphased
1	447	67	45	2	0.803571428571429	0.803571428571429	1	unphased
1	448	36	45	2	1.11111111111111	1.11111111111111	1	unphased
1	449	42	50	2	1.08695652173913	1.08695652173913	1	unphased
1	450	48	50	2	1.02040816326531	1.02040816326531	1	unphased
1	451	55	49	2	0.942307692307692	0.942307692307692	1	unphased
1	452	45	56	2	1.10891089108911	1.10891089108911	1	unphased
1	453	45	51	2	1.0625	1.0625	1	unphased
1	454	56	47	2	0.912621359223301	0.912621359223301	1	unphased
1	455	55	50	2	0.952380952380952	0.952380952380952	1	unphased
1	456	53	52	2	0.99047619047619	0.99047619047619	1	unphased
1	457	51	42	2	0.903225806451613	0.903225806451613	1	unphased
1	458	59	46	2	0.876190476190476	0.876190476190476	1	unphased
1	459	54	55	2	1.00917431192661	1.00917431192661	1	unphased
1	460	35	52	2	1.19540229885057	1.19540229885057	1	unphased
1	461	28	55	2	1.32530120481928	1.32530120481928	1	unphased
1	462	55	42	2	0.865979381443299	0.865979381443299	1	unphased
1	463	42	57	2	1.15151515151515	1.15151515151515	1	unphased
1	464	56	51	2	0.953271028037383	0.953271028037383	1	unphased
1	465	43	49	2	1.06521739130435	1.06521739130435	1	unphased
1	466	37	55	2	1.19565217391304	1.19565217391304	1	unphased
1	467	46	51	2	1.05154639175258	1.05154639175258	1	unphased
1	468	62	50	2	0.892857142857143	0.892857142857143	1	unphased
1	469	58	46	2	0.884615384615385	0.884615384615385	1	unphased
1	470	58	48	2	0.905660377358491	0.905660377358491	1	unphased
1	471	45	50	2	1.05263157894737	1.05263157894737	1	unphased
1	472	27	57	2	1.35714285714286	1.35714285714286	1	unphased
1	473	66	49	2	0.852173913043478	0.852173913043478	1	unphased
1	474	41	45	2	1.04651162790698	1.04651162790698	1	unphased
1	475	64	55	2	0.92436974789916	0.92436974789916	1	unphased
1	476	51	54	2	1.02857142857143	1.02857142857143	1	unphased
1	477	59	46	2	0.876190476190476	0.876190476190476	1	unphased
1	478	44	48	2	1.04347826086957	1.04347826086957	1	unphased
1	479	55	45	2	0.9	0.9	1	unphased
1	480	49	49	2	1	1	1	unphased
1	481	37	57	2	1.21276595744681	1.21276595744681	1	unphased
1	482	57	46	2	0.893203883495146	0.893203883495146	1	unphased
1	483	46	45	2	0.989010989010989	0.989010989010989	1	unphased
1	484	74	50	2	0.806451612903226	0.806451612903226	1	unphased
1	485	40	42	2	1.02439024390244	1.02439024390244	1	unphased
1	486	46	53	2	1.07070707070707	1.07070707070707	1	unphased
1	487	61	49	2	0.890909090909091	0.890909090909091	1	unphased
1	488	53	52	2	0.99047619047619	0.99047619047619	1	unphased
1	489	50	39	2	0.876404494382023	0.876404494382023	1	unphased
1	490	60	46	2	0.867924528301887	0.867924528301887	1	unphased
1	491	38	54	2	1.17391304347826	1.17391304347826	1	unphased
1	492	35	63	2	1.28571428571429	1.28571428571429	1	unphased
1	493	53	43	2	0.895833333333333	0.895833333333333	1	unphased
1	494	56	46	2	0.901960784313726	0.901960784313726	1	unphased
1	495	63	53	2	0.913793103448276	0.913793103448276	1	unphased
1	496	39	58	2	1.19587628865979	1.19587628865979	1	unphased
1	497	35	50	2	1.17647058823529	1.17647058823529	1	unphased
1	498	41	57	2	1.16326530612245	1.16326530612245	1	unphased
1	499	63	43	2	0.811320754716981	0.811320754716981	1	unphased
1	500	57	48	2	0.914285714285714	0.914285714285714	1	unphased
1	501	111	0	2	0	0	1	unphased
1	502	80	0	2	0	0	1	unphased
1	503	93	0	2	0	0	1	unphased
1	504	111	0	2	0	0	1	unphased
1	505	89	0	2	0	0	1	unphased
1	506	106	0	2	0	0	1	unphased
1	507	103	0	2	0	0	1	unphased
1	508	97	0	2	0	0	1	unphased
1	509	111	0	2	0	0	1	unphased
1	510	102	0	2	0	0	1	unphased
1	511	93	0	2	0	0	1	unphased
1	512	75	0	2	0	0	1	unphased
1	513	96	0	2	0	0	1	unphased
1	514	96	0	2	0	0	1	unphased
1	515	90	0	2	0	0	1	unphased
1	516	92	0	2	0	0	1	unphased
1	517	118	0	2	0	0	1	unphased
1	518	97	0	2	0	0	1	unphased
1	519	89	0	2	0	0	1	unphased
1	520	102	0	2	0	0	1	unphased
1	521	96	0	2	0	0	1	unphased
1	522	105	0	2	0	0	1	unphased
1	523	104	0	2	0	0	1	unphased
1	524	111	0	2	0	0	1	unphased
1	525	100	0	2	0	0	1	unphased
1	526	122	0	2	0	0	1	unphased
1	527	110	0	2	0	0	1	unphased
1	528	112	0	2	0	0	1	unphased
1	529	88	0	2	0	0	1	unphased
1	530	111	0	2	0	0	1	unphased
1	531	90	0	2	0	0	1	unphased
1	532	90	0	2	0	0	1	unphased
1	533	94	0	2	0	0	1	unphased
1	534	116	0	2	0	0	1	unphased
1	535	107	0	2	0	0	1	unphased
1	536	100	0	2	0	0	1	unphased
1	537	89	0	2	0	0	1	unphased
1	538	113	0	2	0	0	1	unphased
1	539	96	0	2	0	0	1	unphased
1	540	91	0	2	0	0	1	unphased
1	541	104	0	2	0	0	1	unphased
1	542	118	0	2	0	0	1	unphased
1	543	119	0	2	0	0	1	unphased
1	544	95	0	2	0	0	1	unphased
1	545	96	0	2	0	0	1	unphased
1	546	80	0	2	0	0	1	unphased
1	547	91	0	2	0	0	1	unphased
1	548	87	0	2	0	0	1	unphased
1	549	92	0	2	0	0	1	unphased
1	550	115	0	2	0	0	1	unphased
1	551	115	0	2	0	0	1	unphased
1	552	97	0	2	0	0	1	unphased
1	553	95	0	2	0	0	1	unphased
1	554	117	0	2	0	0	1	unphased
1	555	101	0	2	0	0	1	unphased
1	556	97	0	2	0	0	1	unphased
1	557	126	0	2	0	0	1	unphased
1	558	113	0	2	0	0	1	unphased
1	559	125	0	2	0	0	1	unphased
1	560	85	0	2	0	0	1	unphased
1	561	103	0	2	0	0	1	unphased
1	562	95	0	2	0	0	1	unphased
1	563	102	0	2	0	0	1	unphased
1	564	96	0	2	0	0	1	unphased
1	565	95	0	2	0	0	1	unphased
1	566	97	0	2	0	0	1	unphased
1	567	94	0	2	0	0	1	unphased
1	568	106	0	2	0	0	1	unphased
1	569	97	0	2	0	0	1	unphased
1	570	102	0	2	0	0	1	unphased
1	571	104	0	2	0	0	1	unphased
1	572	100	0	2	0	0	1	unphased
1	573	95	0	2	0	0	1	unphased
1	574	95	0	2	0	0	1	unphased
1	575	103	0	2	0	0	1	unphased
1	576	113	0	2	0	0	1	unphased
1	577	98	0	2	0	0	1	unphased
1	578	86	0	2	0	0	1	unphased
1	579	102	0	2	0	0	1	unphased
1	580	89	0	2	0	0	1	unphased
1	581	123	0	2	0	0	1	unphased
1	582	100	0	2	0	0	1	unphased
1	583	87	0	2	0	0	1	unphased
1	584	86	0	2	0	0	1	unphased
1	585	101	0	2	0	0	1	unphased
1	586	94	0	2	0	0	1	unphased
1	587	108	0	2	0	0	1	unphased
1	588	110	0	2	0	0	1	unphased
1	589	107	0	2	0	0	1	unphased
1	590	105	0	2	0	0	1	unphased
1	591	100	0	2	0	0	1	unphased
1	592	88	0	2	0	0	1	unphased
1	593	110	0	2	0	0	1	unphased
1	594	97	0	2	0	0	1	unphased
1	595	121	0	2	0	0	1	unphased
1	596	101	0	2	0	0	1	unphased
1	597	118	0	2	0	0	1	unphased
1	598	117	0	2	0	0	1	unphased
1	599	101	0	2	0	0	1	unphased
1	600	96	0	2	0	0	1	unphased
1	601	111	0	2	0	0	1	unphased
1	602	93	0	2	0	0	1	unphased
1	603	97	0	2	0	0	1	unphased
1	604	99	0	2	0	0	1	unphased
1	605	93	0	2	0	0	1	unphased
1	606	115	0	2	0	0	1	unphased
1	607	115	0	2	0	0	1	unphased
1	608	115	0	2	0	0	1	unphased
1	609	102	0	2	0	0	1	unphased
1	610	81	0	2	0	0	1	unphased
1	611	88	0	2	0	0	1	unphased
1	612	84	0	2	0	0	1	unphased
1	613	106	0	2	0	0	1	unphased
1	614	67	0	2	0	0	1	unphased
1	615	117	0	2	0	0	1	unphased
1	616	112	0	2	0	0	1	unphased
1	617	113	0	2	0	0	1	unphased
1	618	87	0	2	0	0	1	unphased
1	619	83	0	2	0	0	1	unphased
1	620	94	0	2	0	0	1	unphased
1	621	86	0	2	0	0	1	unphased
1	622	113	0	2	0	0	1	unphased
1	623	108	0	2	0	0	1	unphased
1	624	79	0	2	0	0	1	unphased
1	625	109	0	2	0	0	1	unphased
1	626	93	0	2	0	0	1	unphased
1	627	105	0	2	0	0	1	unphased
1	628	103	0	2	0	0	1	unphased
1	629	101	0	2	0	0	1	unphased
1	630	105	0	2	0	0	1	unphased
1	631	114	0	2	0	0	1	unphased
1	632	110	0	2	0	0	1	unphased
1	633	91	0	2	0	0	1	unphased
1	634	94	0	2	0	0	1	unphased
1	635	113	0	2	0	0	1	unphased
1	636	104	0	2	0	0	1	unphased
1	637	123	0	2	0	0	1	unphased
1	638	105	0	2	0	0	1	unphased
1	639	96	0	2	0	0	1	unphased
1	640	109	0	2	0	0	1	unphased
1	641	119	0	2	0	0	1	unphased
1	642	93	0	2	0	0	1	unphased
1	643	113	0	2	0	0	1	unphased
1	644	83	0	2	0	0	1	unphased
1	645	103	0	2	0	0	1	unphased
1	646	103	0	2	0	0	1	unphased
1	647	109	0	2	0	0	1	unphased
1	648	105	0	2	0	0	1	unphased
1	649	98	0	2	0	0	1	unphased
1	650	93	0	2	0	0	1	unphased
1	651	82	0	2	0	0	1	unphased
1	652	107	0	2	0	0	1	unphased
1	653	92	0	2	0	0	1	unphased
1	654	86	0	2	0	0	1	unphased
1	655	116	0	2	0	0	1	unphased
1	656	117	0	2	0	0	1	unphased
1	657	110	0	2	0	0	1	unphased
1	658	84	0	2	0	0	1	unphased
1	659	95	0	2	0	0	1	unphased
1	660	106	0	2	0	0	1	unphased
1	661	88	0	2	0	0	1	unphased
1	662	106	0	2	0	0	1	unphased
1	663	106	0	2	0	0	1	unphased
1	664	94	0	2	0	0	1	unphased
1	665	107	0	2	0	0	1	unphased
1	666	114	0	2	0	0	1	unphased
1	667	124	0	2	0	0	1	unphased
1	668	121	0	2	0	0	1	unphased
1	669	99	0	2	0	0	1	unphased
1	670	97	0	2	0	0	1	unphased
1	671	107	0	2	0	0	1	unphased
1	672	99	0	2	0	0	1	unphased
1	673	119	0	2	0	0	1	unphased
1	674	101	0	2	0	0	1	unphased
1	675	103	0	2	0	0	1	unphased
1	676	90	0	2	0	0	1	unphased
1	677	75	0	2	0	0	1	unphased
1	678	82	0	2	0	0	1	unphased
1	679	119	0	2	0	0	1	unphased
1	680	100	0	2	0	0	1	unphased
1	681	107	0	2	0	0	1	unphased
1	682	90	0	2	0	0	1	unphased
1	683	93	0	2	0	0	1	unphased
1	684	87	0	2	0	0	1	unphased
1	685	86	0	2	0	0	1	unphased
1	686	100	0	2	0	0	1	unphased
1	687	111	0	2	0	0	1	unphased
1	688	106	0	2	0	0	1	unphased
1	689	86	0	2	0	0	1	unphased
1	690	106	0	2	0	0	1	unphased
1	691	88	0	2	0	0	1	unphased
1	692	81	0	2	0	0	1	unphased
1	693	101	0	2	0	0	1	unphased
1	694	93	0	2	0	0	1	unphased
1	695	108	0	2	0	0	1	unphased
1	696	108	0	2	0	0	1	unphased
1	697	93	0	2	0	0	1	unphased
1	698	104	0	2	0	0	1	unphased
1	699	117	0	2	0	0	1	unphased
1	700	97	0	2	0	0	1	unphased
1	701	91	0	2	0	0	1	unphased
1	702	111	0	2	0	0	1	unphased
1	703	92	0	2	0	0	1	unphased
1	704	101	0	2	0	0	1	unphased
1	705	91	0	2	0	0	1	unphased
1	706	82	0	2	0	0	1	unphased
1	707	93	0	2	0	0	1	unphased
1	708	113	0	2	0	0	1	unphased
1	709	107	0	2	0	0	1	unphased
1	710	86	0	2	0	0	1	unphased
1	711	99	0	2	0	0	1	unphased
1	712	94	0	2	0	0	1	unphased
1	713	88	0	2	0	0	1	unphased
1	714	90	0	2	0	0	1	unphased
1	715	99	0	2	0	0	1	unphased
1	716	80	0	2	0	0	1	unphased
1	717	110	0	2	0	0	1	unphased
1	718	113	0	2	0	0	1	unphased
1	719	107	0	2	0	0	1	unphased
1	720	84	0	2	0	0	1	unphased
1	721	115	0	2	0	0	1	unphased
1	722	90	0	2	0	0	1	unphased
1	723	66	0	2	0	0	1	unphased
1	724	96	0	2	0	0	1	unphased
1	725	92	0	2	0	0	1	unphased
1	726	96	0	2	0	0	1	unphased
1	727	86	0	2	0	0	1	unphased
1	728	116	0	2	0	0	1	unphased
1	729	87	0	2	0	0	1	unphased
1	730	107	0	2	0	0	1	unphased
1	731	89	0	2	0	0	1	unphased
1	732	115	0	2	0	0	1	unphased
1	733	108	0	2	0	0	1	unphased
1	734	109	0	2	0	0	1	unphased
1	735	87	0	2	0	0	1	unphased
1	736	116	0	2	0	0	1	unphased
1	737	115	0	2	0	0	1	unphased
1	738	123	0	2	0	0	1	unphased
1	739	90	0	2	0	0	1	unphased
1	740	112	0	2	0	0	1	unphased
1	741	96	0	2	0	0	1	unphased
1	742	95	0	2	0	0	1	unphased
1	743	92	0	2	0	0	1	unphased
1	744	96	0	2	0	0	1	unphased
1	745	96	0	2	0	0	1	unphased
1	746	96	0	2	0	0	1	unphased
1	747	101	0	2	0	0	1	unphased
1	748	109	0	2	0	0	1	unphased
1	749	97	0	2	0	0	1	unphased
1	750	92	0	2	0	0	1	unphased
1	751	95	0	2	0	0	1	unphased
1	752	82	0	2	0	0	1	unphased
1	753	84	0	2	0	0	1	unphased
1	754	97	0	2	0	0	1	unphased
1	755	100	0	2	0	0	1	unphased
1	756	90	0	2	0	0	1	unphased
1	757	97	0	2	0	0	1	unphased
1	758	104	0	2	0	0	1	unphased
1	759	99	0	2	0	0	1	unphased
1	760	100	0	2	0	0	1	unphased
1	761	98	0	2	0	0	1	unphased
1	762	100	0	2	0	0	1	unphased
1	763	95	0	2	0	0	1	unphased
1	764	77	0	2	0	0	1	unphased
1	765	104	0	2	0	0	1	unphased
1	766	86	0	2	0	0	1	unphased
1	767	125	0	2	0	0	1	unphased
1	768	98	0	2	0	0	1	unphased
1	769	86	0	2	0	0	1	unphased
1	770	105	0	2	0	0	1	unphased
1	771	93	0	2	0	0	1	unphased
1	772	93	0	2	0	0	1	unphased
1	773	96	0	2	0	0	1	unphased
1	774	129	0	2	0	0	1	unphased
1	775	113	0	2	0	0	1	unphased
1	776	109	0	2	0	0	1	unphased
1	777	106	0	2	0	0	1	unphased
1	778	91	0	2	0	0	1	unphased
1	779	98	0	2	0	0	1	unphased
1	780	116	0	2	0	0	1	unphased
1	781	85	0	2	0	0	1	unphased
1	782	96	0	2	0	0	1	unphased
1	783	97	0	2	0	0	1	unphased
1	784	102	0	2	0	0	1	unphased
1	785	86	0	2	0	0	1	unphased
1	786	95	0	2	0	0	1	unphased
1	787	92	0	2	0	0	1	unphased
1	788	100	0	2	0	0	1	unphased
1	789	122	0	2	0	0	1	unphased
1	790	91	0	2	0	0	1	unphased
1	791	87	0	2	0	0	1	unphased
1	792	110	0	2	0	0	1	unphased
1	793	87	0	2	0	0	1	unphased
1	794	94	0	2	0	0	1	unphased
1	795	93	0	2	0	0	1	unphased
1	796	106	0	2	0	0	1	unphased
1	797	121	0	2	0	0	1	unphased
1	798	95	0	2	0	0	1	unphased
1	799	93	0	2	0	0	1	unphased
1	800	102	0	2	0	0	1	unphased
1	801	94	0	2	0	0	1	unphased
1	802	87	0	2	0	0	1	unphased
1	803	91	0	2	0	0	1	unphased
1	804	105	0	2	0	0	1	unphased
1	805	102	0	2	0	0	1	unphased
1	806	94	0	2	0	0	1	unphased
1	807	107	0	2	0	0	1	unphased
1	808	97	0	2	0	0	1	unphased
1	809	93	0	2	0	0	1	unphased
1	810	96	0	2	0	0	1	unphased
1	811	90	0	2	0	0	1	unphased
1	812	110	0	2	0	0	1	unphased
1	813	87	0	2	0	0	1	unphased
1	814	100	0	2	0	0	1	unphased
1	815	99	0	2	0	0	1	unphased
1	816	101	0	2	0	0	1	unphased
1	817	97	0	2	0	0	1	unphased
1	818	110	0	2	0	0	1	unphased
1	819	89	0	2	0	0	1	unphased
1	820	104	0	2	0	0	1	unphased
1	821	86	0	2	0	0	1	unphased
1	822	102	0	2	0	0	1	unphased
1	823	110	0	2	0	0	1	unphased
1	824	102	0	2	0	0	1	unphased
1	825	102	0	2	0	0	1	unphased
1	826	105	0	2	0	0	1	unphased
1	827	83	0	2	0	0	1	unphased
1	828	94	0	2	0	0	1	unphased
1	829	103	0	2	0	0	1	unphased
1	830	122	0	2	0	0	1	unphased
1	831	115	0	2	0	0	1	unphased
1	832	95	0	2	0	0	1	unphased
1	833	102	0	2	0	0	1	unphased
1	834	99	0	2	0	0	1	unphased
1	835	99	0	2	0	0	1	unphased
1	836	102	0	2	0	0	1	unphased
1	837	95	0	2	0	0	1	unphased
1	838	102	0	2	0	0	1	unphased
1	839	118	0	2	0	0	1	unphased
1	840	90	0	2	0	0	1	unphased
1	841	100	0	2	0	0	1	unphased
1	842	103	0	2	0	0	1	unphased
1	843	94	0	2	0	0	1	unphased
1	844	98	0	2	0	0	1	unphased
1	845	103	0	2	0	0	1	unphased
1	846	81	0	2	0	0	1	unphased
1	847	92	0	2	0	0	1	unphased
1	848	92	0	2	0	0	1	unphased
1	849	78	0	2	0	0	1	unphased
1	850	101	0	2	0	0	1	unphased
1	851	106	0	2	0	0	1	unphased
1	852	96	0	2	0	0	1	unphased
1	853	102	0	2	0	0	1	unphased
1	854	119	0	2	0	0	1	unphased
1	855	121	0	2	0	0	1	unphased
1	856	108	0	2	0	0	1	unphased
1	857	100	0	2	0	0	1	unphased
1	858	64	0	2	0	0	1	unphased
1	859	98	0	2	0	0	1	unphased
1	860	116	0	2	0	0	1	unphased
1	861	89	0	2	0	0	1	unphased
1	862	100	0	2	0	0	1	unphased
1	863	86	0	2	0	0	1	unphased
1	864	97	0	2	0	0	1	unphased
1	865	92	0	2	0	0	1	unphased
1	866	84	0	2	0	0	1	unphased
1	867	94	0	2	0	0	1	unphased
1	868	114	0	2	0	0	1	unphased
1	869	87	0	2	0	0	1	unphased
1	870	104	0	2	0	0	1	unphased
1	871	108	0	2	0	0	1	unphased
1	872	90	0	2	0	0	1	unphased
1	873	99	0	2	0	0	1	unphased
1	874	90	0	2	0	0	1	unphased
1	875	100	0	2	0	0	1	unphased
1	876	107	0	2	0	0	1	unphased
1	877	78	0	2	0	0	1	unphased
1	878	116	0	2	0	0	1	unphased
1	879	118	0	2	0	0	1	unphased
1	880	86	0	2	0	0	1	unphased
1	881	110	0	2	0	0	1	unphased
1	882	98	0	2	0	0	1	unphased
1	883	101	0	2	0	0	1	unphased
1	884	100	0	2	0	0	1	unphased
1	885	95	0	2	0	0	1	unphased
1	886	107	0	2	0	0	1	unphased
1	887	93	0	2	0	0	1	unphased
1	888	116	0	2	0	0	1	unphased
1	889	108	0	2	0	0	1	unphased
1	890	99	0	2	0	0	1	unphased
1	891	109	0	2	0	0	1	unphased
1	892	106	0	2	0	0	1	unphased
1	893	112	0	2	0	0	1	unphased
1	894	124	0	2	0	0	1	unphased
1	895	107	0	2	0	0	1	unphased
1	896	107	0	2	0	0	1	unphased
1	897	92	0	2	0	0	1	unphased
1	898	93	0	2	0	0	1	unphased
1	899	103	0	2	0	0	1	unphased
1	900	93	0	2	0	0	1	unphased
